0.193000|0.200000|48300|50050|1.700000|0.100000|0.100000|0.100000|160|3|50|1000|0|1.288775e-05|-1.032931e-05|-1.505026e-04|1.064871e-04|1.663923e-04|5.636827e-05|
0.110000|0.135000|40150|50050|1.700000|0.100000|0.100000|0.100000|160|3|50|1000|10|7.325269e-10|2.626501e-09|-2.412736e-07|-1.389285e-06|-1.177882e-06|5.626142e-07|
0.110000|0.114000|48300|50050|1.700000|0.100000|0.100000|0.100000|160|3|50|1000|100|3.632437e-10|-5.189912e-07|-8.137691e-07|-3.809748e-07|-2.993315e-07|8.152356e-07|
0.102000|0.105000|48350|50050|1.750000|0.100000|0.100000|0.100000|160|3|50|1000|0|1.117400e-04|-2.331771e-05|-2.839256e-04|-1.145870e-04|2.091084e-05|6.844735e-04|
0.108000|0.112000|48350|50050|1.750000|0.100000|0.100000|0.100000|160|3|50|1000|10|3.271670e-06|-9.102357e-05|-8.204206e-05|1.999218e-05|3.238602e-05|-5.118273e-06|
0.092000|0.119000|40300|50050|1.750000|0.100000|0.100000|0.100000|160|3|50|1000|100|1.403608e-07|-1.750037e-05|1.181598e-05|-1.379967e-05|4.967759e-06|-6.819258e-06|
0.115000|0.119000|48350|50050|1.600000|0.100000|0.100000|0.100000|160|3|50|1000|0|9.949591e-01|3.337920e-08|5.115670e-08|2.955917e-08|-1.633830e-07|9.949587e-01|
0.126000|0.126000|50050|50050|1.600000|0.100000|0.100000|0.100000|160|3|50|1000|10|1.969025e+00|-1.218444e-02|-4.902922e-02|2.998056e-02|-1.190484e-02|9.582378e-01|
0.133000|0.137000|48350|50050|1.600000|0.100000|0.100000|0.100000|160|3|50|1000|100|2.375481e-07|-1.951392e-05|5.061086e-06|1.839896e-05|9.823615e-06|1.886621e-05|
0.129000|0.134000|48300|50050|1.500000|0.100000|0.100000|0.100000|160|3|50|1000|0|1.421085e-14|5.300429e-09|4.324385e-09|1.716956e-09|8.086197e-10|-4.587331e-09|
0.121000|0.146000|40250|50050|1.500000|0.100000|0.100000|0.100000|160|3|50|1000|10|1.989918e+00|1.248526e-09|9.949586e-01|-3.000713e-09|9.949586e-01|9.092596e-10|
0.072000|0.137000|23400|50050|1.500000|0.100000|0.100000|0.100000|160|3|50|1000|100|9.949591e-01|-1.219352e-09|-1.098696e-09|3.136160e-09|-9.949586e-01|-1.323927e-09|
0.055000|0.120000|23150|50050|1.350000|0.100000|0.100000|0.100000|160|3|50|1000|0|9.949591e-01|9.949586e-01|8.369088e-10|2.373784e-09|3.545179e-09|3.561589e-09|
0.037000|0.123000|14600|50050|1.350000|0.100000|0.100000|0.100000|160|3|50|1000|10|2.984877e+00|-5.815676e-10|-9.949586e-01|4.364835e-09|9.949586e-01|9.949586e-01|
0.121000|0.130000|46800|50050|1.350000|0.100000|0.100000|0.100000|160|3|50|1000|100|0.000000e+00|-1.787959e-09|2.594505e-09|2.072576e-10|-8.286493e-10|-1.523248e-09|
0.080000|0.135000|29150|50050|1.200000|0.100000|0.100000|0.100000|160|3|50|1000|0|1.989918e+00|3.379235e-09|9.949586e-01|7.198835e-10|-9.949586e-01|1.002561e-09|
0.082000|0.144000|29600|50050|1.200000|0.100000|0.100000|0.100000|160|3|50|1000|10|1.989918e+00|9.949586e-01|5.004487e-10|-2.736183e-09|1.112421e-09|9.949586e-01|
0.076000|0.139000|28400|50050|1.200000|0.100000|0.100000|0.100000|160|3|50|1000|100|3.979836e+00|-9.949586e-01|9.949586e-01|-5.357554e-11|-9.949586e-01|-9.949586e-01|
0.108000|0.123000|43400|50050|2.000000|0.100000|0.100000|0.100000|160|3|50|1000|0|2.940167e+00|-1.050178e+00|3.281156e-02|1.036591e-02|1.550382e-02|1.013427e+00|
0.081000|0.121000|33600|50050|2.000000|0.100000|0.100000|0.100000|160|3|50|1000|10|4.734446e+00|-2.737528e-02|1.650907e-02|-2.744264e-02|-1.104802e-01|1.068607e+00|
0.052000|0.129000|20550|50050|2.000000|0.100000|0.100000|0.100000|160|3|50|1000|100|2.629526e+00|1.835109e-02|2.319304e-02|1.125127e-01|1.534361e-02|-1.541759e-03|
0.106000|0.132000|40050|50050|1.700000|0.200000|0.100000|0.100000|160|3|50|1000|0|9.632686e-10|3.302151e-07|1.100434e-06|1.644705e-06|-7.230300e-07|5.546092e-07|
0.140000|0.145000|48350|50050|1.700000|0.200000|0.100000|0.100000|160|3|50|1000|10|4.731458e-08|2.679134e-06|1.094968e-06|3.809813e-06|-1.084112e-05|9.902976e-06|
0.118000|0.122000|48300|50050|1.700000|0.200000|0.100000|0.100000|160|3|50|1000|100|2.996827e-08|6.840240e-06|-5.040075e-08|-9.845258e-06|-2.390919e-06|1.272290e-06|
0.096000|0.119000|40000|50050|1.700000|0.050000|0.100000|0.100000|160|3|50|1000|0|1.367560e-09|-1.158895e-07|-1.966495e-06|1.916616e-08|-1.058861e-06|1.375196e-06|
0.085000|0.109000|39950|50050|1.700000|0.050000|0.100000|0.100000|160|3|50|1000|10|4.605738e-10|3.471334e-07|-3.751678e-08|1.161335e-06|2.867243e-07|8.767712e-07|
0.069000|0.105000|32250|50050|1.700000|0.050000|0.100000|0.100000|160|3|50|1000|100|1.826649e-09|-1.737947e-06|-6.755951e-07|4.105084e-07|-6.626595e-08|2.357432e-06|
0.121000|0.125000|48300|50050|1.700000|0.300000|0.100000|0.100000|160|3|50|1000|0|9.949591e-01|-8.014412e-07|9.949659e-01|3.437470e-07|1.230839e-06|-1.498452e-06|
0.104000|0.108000|48300|50050|1.700000|0.300000|0.100000|0.100000|160|3|50|1000|10|1.649290e-09|-1.081495e-06|-1.162621e-06|1.268411e-06|2.045135e-06|-2.323747e-08|
0.068000|0.171000|32250|50050|1.700000|0.300000|0.100000|0.100000|160|3|50|1000|100|3.260602e-09|-2.192435e-08|2.987296e-06|1.239689e-06|2.322939e-06|-7.601728e-07|
0.100000|0.103000|48350|50050|1.700000|0.010000|0.100000|0.100000|160|3|50|1000|0|4.303587e-09|-1.412649e-06|7.342962e-07|-3.118311e-06|2.821935e-06|-1.212589e-06|
0.099000|0.103000|48150|50050|1.700000|0.010000|0.100000|0.100000|160|3|50|1000|10|9.949591e-01|-2.358555e-06|3.825737e-06|-9.949587e-01|-6.979835e-07|-3.965227e-07|
0.053000|0.106000|23950|50050|1.700000|0.010000|0.100000|0.100000|160|3|50|1000|100|7.007863e-09|-1.578396e-06|4.692700e-06|-1.451346e-06|-3.070096e-07|2.934252e-06|
0.096000|0.100000|47750|50050|1.700000|0.500000|0.100000|0.100000|160|3|50|1000|0|1.303587e-08|-3.363750e-06|3.491400e-06|3.368202e-06|1.404013e-06|-5.374652e-06|
0.099000|0.103000|48100|50050|1.700000|0.500000|0.100000|0.100000|160|3|50|1000|10|1.832831e-07|1.158078e-06|-1.372420e-05|1.919680e-06|1.245599e-05|2.398565e-05|
0.100000|0.105000|47500|50050|1.700000|0.500000|0.100000|0.100000|160|3|50|1000|100|1.389163e+00|2.823081e-02|5.790283e-02|-4.504304e-02|-2.940953e-02|3.632158e-03|
0.101000|0.105000|48250|50050|1.700000|0.000000|0.100000|0.100000|160|3|50|1000|0|2.430821e-08|-3.130316e-06|-4.161491e-06|3.174546e-07|-5.160093e-06|8.287451e-06|
0.117000|0.121000|48250|50050|1.700000|0.000000|0.100000|0.100000|160|3|50|1000|10|6.138031e-09|2.548883e-06|1.685300e-06|1.240712e-06|4.357720e-06|-1.035744e-06|
0.092000|0.114000|40250|50050|1.700000|0.000000|0.100000|0.100000|160|3|50|1000|100|6.860714e-08|-2.491030e-06|-1.031663e-05|-7.993845e-07|8.786842e-06|1.246315e-05|
0.097000|0.120000|40150|50050|1.700000|0.700000|0.100000|0.100000|160|3|50|1000|0|1.581918e-05|8.716128e-05|-1.865709e-04|-5.872656e-05|1.148973e-04|-1.438087e-04|
0.098000|0.119000|39950|50050|1.700000|0.700000|0.100000|0.100000|160|3|50|1000|10|1.477480e-06|-5.080949e-06|-1.342691e-05|-8.384247e-05|-2.472792e-06|1.433533e-05|
0.101000|0.106000|47800|50050|1.700000|0.700000|0.100000|0.100000|160|3|50|1000|100|9.334690e-01|-3.495916e-02|-1.349092e-02|4.787087e-02|3.001237e-02|1.155427e-02|
0.097000|0.102000|47350|50050|1.700000|1.000000|0.100000|0.100000|160|3|50|1000|0|1.098627e-04|7.192733e-05|1.030865e-04|7.082416e-04|-1.500763e-04|-1.176300e-04|
0.120000|0.124000|48350|50050|1.700000|1.000000|0.100000|0.100000|160|3|50|1000|10|7.367185e-02|-1.836462e-03|1.733023e-03|1.904992e-02|-9.427164e-05|-1.578379e-03|
0.113000|0.117000|48200|50050|1.700000|1.000000|0.100000|0.100000|160|3|50|1000|100|1.170986e-01|7.517728e-04|1.961219e-02|-1.100913e-02|-9.038111e-03|1.643488e-03|
0.109000|0.118000|45950|50050|1.700000|1.200000|0.100000|0.100000|160|3|50|1000|0|2.570430e-02|-2.654386e-03|-1.024652e-02|5.649316e-04|1.848036e-03|3.718707e-03|
0.138000|0.158000|42850|50050|1.700000|1.200000|0.100000|0.100000|160|3|50|1000|10|1.338576e+00|-7.999374e-03|4.050351e-02|9.924024e-01|2.587525e-03|4.802732e-03|
0.109000|0.138000|38600|50050|1.700000|1.200000|0.100000|0.100000|160|3|50|1000|100|6.394704e-01|-5.354807e-02|-1.369523e-02|1.384526e-02|-3.961540e-04|1.873202e-03|
0.111000|0.138000|40150|50050|1.700000|1.500000|0.100000|0.100000|160|3|50|1000|0|1.169726e+00|-1.604277e-02|1.856803e-02|1.442064e-02|5.641414e-03|7.169925e-02|
0.090000|0.143000|29950|50050|1.700000|1.500000|0.100000|0.100000|160|3|50|1000|10|1.312025e+00|-4.390550e-03|3.693666e-02|1.174867e-02|-9.938478e-01|-9.026963e-03|
0.124000|0.135000|45950|50050|1.700000|1.500000|0.100000|0.100000|160|3|50|1000|100|5.284079e-02|5.354750e-03|1.045315e-02|3.541625e-03|-9.613154e-03|4.849715e-03|
0.110000|0.138000|40300|50050|1.700000|0.100000|0.200000|0.100000|160|3|50|1000|0|3.593783e-10|-1.031820e-07|-6.680613e-07|-3.543609e-07|-1.072652e-06|2.798976e-07|
0.147000|0.152000|48300|50050|1.700000|0.100000|0.200000|0.100000|160|3|50|1000|10|9.818280e-11|-3.791355e-07|-2.515391e-07|-5.130688e-07|1.383834e-07|-7.425567e-08|
0.127000|0.158000|40150|50050|1.700000|0.100000|0.200000|0.100000|160|3|50|1000|100|4.470664e-10|7.108809e-07|-2.290353e-07|1.132347e-06|-2.806395e-07|5.784935e-07|
0.118000|0.123000|47550|50050|1.700000|0.100000|0.050000|0.100000|160|3|50|1000|0|1.828383e-09|3.698329e-07|4.597936e-07|-5.707930e-07|-2.015054e-06|2.116966e-06|
0.107000|0.112000|48350|50050|1.700000|0.100000|0.050000|0.100000|160|3|50|1000|10|9.950233e-01|-1.794162e-04|4.508594e-04|-9.952064e-01|-7.053403e-05|1.482222e-04|
0.111000|0.115000|48050|50050|1.700000|0.100000|0.050000|0.100000|160|3|50|1000|100|2.916554e-07|2.642885e-05|-2.385388e-05|5.329797e-07|-9.188651e-06|1.085766e-05|
0.109000|0.113000|48250|50050|1.700000|0.100000|0.300000|0.100000|160|3|50|1000|0|1.104063e-09|6.702036e-07|-2.139237e-06|-3.578962e-07|7.419898e-08|-6.371553e-07|
0.112000|0.115000|48350|50050|1.700000|0.100000|0.300000|0.100000|160|3|50|1000|10|1.491856e-10|-3.846269e-07|-6.848828e-07|-1.050948e-07|1.109823e-07|-3.341059e-07|
0.098000|0.102000|48350|50050|1.700000|0.100000|0.300000|0.100000|160|3|50|1000|100|7.904077e-11|-4.376527e-07|-1.292598e-08|9.400369e-08|2.623967e-07|3.591634e-07|
0.081000|0.102000|39850|50050|1.700000|0.100000|0.010000|0.100000|160|3|50|1000|0|1.490321e-06|-1.961352e-05|3.107684e-07|-7.196563e-05|4.378132e-05|-5.599746e-06|
0.098000|0.101000|48200|50050|1.700000|0.100000|0.010000|0.100000|160|3|50|1000|10|9.952996e-01|-9.952072e-01|9.790239e-04|-8.299595e-04|1.858395e-05|8.402410e-05|
0.081000|0.102000|39850|50050|1.700000|0.100000|0.010000|0.100000|160|3|50|1000|100|5.145710e-06|6.684934e-05|-7.595451e-06|1.214628e-04|-5.084115e-05|-6.381631e-05|
0.084000|0.106000|39850|50050|1.700000|0.100000|0.400000|0.100000|160|3|50|1000|0|1.665654e-10|6.513815e-07|3.783830e-07|-1.700202e-08|8.098975e-08|5.150487e-07|
0.110000|0.115000|47950|50050|1.700000|0.100000|0.400000|0.100000|160|3|50|1000|10|3.664624e-10|7.839829e-07|-3.287762e-07|2.820474e-08|9.150023e-07|5.351922e-07|
0.088000|0.109000|40200|50050|1.700000|0.100000|0.400000|0.100000|160|3|50|1000|100|2.473683e-10|-7.093782e-07|2.896985e-07|6.992606e-07|-3.218054e-07|-2.592731e-07|
0.105000|0.109000|48300|50050|1.700000|0.100000|0.000000|0.100000|160|3|50|1000|0|3.625041e-06|6.677646e-05|-4.085578e-07|-6.310871e-05|-4.161894e-05|-8.998888e-05|
0.102000|0.111000|45400|50050|1.700000|0.100000|0.000000|0.100000|160|3|50|1000|10|1.037595e+00|-1.004092e-03|-2.502354e-03|1.251973e-02|-9.960789e-01|7.051691e-03|
0.108000|0.112000|48300|50050|1.700000|0.100000|0.000000|0.100000|160|3|50|1000|100|2.002460e+00|-7.006008e-03|-9.947924e-01|3.631443e-03|5.768664e-04|-9.941862e-01|
0.074000|0.117000|32250|50050|1.700000|0.100000|1.000000|0.100000|160|3|50|1000|0|1.573385e-08|-3.829761e-06|4.485918e-06|3.460376e-08|5.078904e-07|-6.652600e-06|
0.123000|0.127000|48100|50050|1.700000|0.100000|1.000000|0.100000|160|3|50|1000|10|6.373929e-08|1.485594e-06|-5.806962e-07|1.784773e-05|-4.053676e-07|-1.712393e-07|
0.327000|0.353000|40200|50050|1.700000|0.100000|1.000000|0.100000|160|3|50|1000|100|1.255684e-07|2.181703e-07|-1.622952e-05|1.541844e-05|5.088184e-06|1.028921e-05|
0.254000|0.340000|40200|50050|1.700000|0.100000|1.200000|0.100000|160|3|50|1000|0|1.166204e-06|7.009411e-06|-6.854370e-05|2.436583e-05|-2.075898e-05|1.030918e-05|
0.275000|0.282000|48300|50050|1.700000|0.100000|1.200000|0.100000|160|3|50|1000|10|9.302088e-08|4.032207e-06|-4.524785e-07|-1.508991e-05|3.815136e-06|1.449655e-05|
0.203000|0.246000|39300|50050|1.700000|0.100000|1.200000|0.100000|160|3|50|1000|100|1.655755e-06|-3.223129e-05|-3.346605e-05|2.395739e-05|-4.274862e-05|6.152753e-05|
0.256000|0.339000|40200|50050|1.700000|0.100000|1.600000|0.100000|160|3|50|1000|0|3.151696e-04|9.920340e-05|3.459237e-04|-3.165520e-04|4.528395e-04|-1.074175e-03|
0.508000|0.793000|29950|50050|1.700000|0.100000|1.600000|0.100000|160|3|50|1000|10|2.826607e-05|1.922216e-06|2.464839e-04|-2.717428e-04|7.587578e-05|-4.600564e-05|
0.447000|0.473000|47100|50050|1.700000|0.100000|1.600000|0.100000|160|3|50|1000|100|1.592060e-05|-4.961920e-05|1.733667e-04|-7.567522e-05|-1.684534e-04|-1.167340e-04|
0.212000|0.309000|31900|50050|1.700000|0.100000|0.700000|0.100000|160|3|50|1000|0|3.904532e-09|8.355806e-07|-5.098704e-07|-7.775364e-07|1.995267e-06|3.759930e-06|
0.528000|0.546000|48300|50050|1.700000|0.100000|0.700000|0.100000|160|3|50|1000|10|2.376744e-09|-5.401758e-07|-2.034436e-06|2.661098e-06|-3.348042e-08|6.832129e-07|
0.417000|0.430000|48050|50050|1.700000|0.100000|0.700000|0.100000|160|3|50|1000|100|3.773550e-10|-2.207646e-07|-1.177972e-07|1.242811e-06|-5.132188e-07|1.775262e-07|
0.285000|0.349000|38900|50050|1.700000|0.100000|0.900000|0.100000|160|3|50|1000|0|7.829712e-09|4.737659e-06|-9.646422e-07|-8.281020e-07|3.924514e-06|-4.878511e-08|
0.192000|0.210000|47950|50050|1.700000|0.100000|0.900000|0.100000|160|3|50|1000|10|4.647141e-09|6.893719e-07|-3.434277e-06|1.334006e-06|-7.356982e-07|-2.972158e-06|
0.277000|0.328000|40150|50050|1.700000|0.100000|0.900000|0.100000|160|3|50|1000|100|2.555149e-08|1.924366e-06|-1.584469e-06|-8.697673e-07|-8.579543e-06|-6.943636e-06|
0.170000|0.220000|39600|50050|1.700000|0.100000|0.100000|0.200000|160|3|50|1000|0|8.835586e-08|3.812339e-06|1.354783e-05|9.975541e-06|-1.215610e-05|1.367557e-08|
0.221000|0.229000|48350|50050|1.700000|0.100000|0.100000|0.200000|160|3|50|1000|10|1.067929e-06|-2.446886e-05|6.116549e-05|-1.191917e-05|2.665610e-05|-1.379725e-05|
0.407000|0.481000|48300|50050|1.700000|0.100000|0.100000|0.200000|160|3|50|1000|100|3.777113e-07|-1.193689e-06|-1.340024e-05|3.667934e-05|-1.263482e-05|1.476003e-05|
0.277000|0.285000|48150|50050|1.700000|0.100000|0.100000|0.050000|160|3|50|1000|0|9.627144e-11|-4.584683e-07|7.301708e-08|2.159485e-07|1.970434e-07|4.292653e-07|
0.173000|0.179000|48250|50050|1.700000|0.100000|0.100000|0.050000|160|3|50|1000|10|3.626006e-09|1.124716e-06|3.400718e-06|-1.842638e-06|-1.251286e-06|6.971809e-07|
0.269000|0.282000|48300|50050|1.700000|0.100000|0.100000|0.050000|160|3|50|1000|100|3.549033e-09|1.467022e-06|-2.056527e-06|-6.772516e-07|-9.318631e-07|3.190693e-06|
0.212000|0.220000|47250|50050|1.700000|0.100000|0.100000|0.300000|160|3|50|1000|0|2.867199e-01|-1.549759e-02|1.960849e-02|-1.692581e-02|-1.482122e-03|2.310289e-02|
0.264000|0.283000|48350|50050|1.700000|0.100000|0.100000|0.300000|160|3|50|1000|10|4.150808e-05|-1.003016e-04|-1.580130e-05|-4.232173e-04|4.780728e-05|-1.323407e-04|
0.347000|0.417000|40000|50050|1.700000|0.100000|0.100000|0.300000|160|3|50|1000|100|6.277601e-04|-6.184141e-04|2.049858e-04|1.285157e-03|7.300851e-04|7.450791e-04|
0.495000|0.508000|48100|50050|1.700000|0.100000|0.100000|0.010000|160|3|50|1000|0|8.385470e-10|3.367812e-07|1.016187e-06|4.029818e-07|-1.687532e-06|2.654858e-07|
1.046000|1.069000|48350|50050|1.700000|0.100000|0.100000|0.010000|160|3|50|1000|10|9.949591e-01|9.949552e-01|6.153204e-06|3.670369e-06|6.642516e-06|7.949597e-07|
0.253000|0.260000|48350|50050|1.700000|0.100000|0.100000|0.010000|160|3|50|1000|100|9.949591e-01|-1.526262e-06|-4.714401e-07|5.493493e-07|-9.949622e-01|1.162118e-07|
0.088000|0.138000|32150|50050|1.700000|0.100000|0.100000|0.250000|160|3|50|1000|0|1.604610e-06|7.476332e-05|1.299152e-05|4.120468e-05|2.335914e-05|-9.287972e-06|
0.115000|0.143000|40250|50050|1.700000|0.100000|0.100000|0.250000|160|3|50|1000|10|1.756375e-07|2.926134e-05|-1.466677e-07|1.782365e-06|1.313106e-06|4.914928e-06|
0.087000|0.137000|31750|50050|1.700000|0.100000|0.100000|0.250000|160|3|50|1000|100|9.949715e-01|9.950806e-01|1.725081e-04|1.276719e-04|3.422426e-05|2.188855e-05|
0.134000|0.142000|48350|50050|1.700000|0.100000|0.100000|0.000000|160|3|50|1000|0|1.165326e-09|9.833437e-07|-1.015949e-08|-2.000466e-07|-2.205922e-06|-2.599356e-08|
0.148000|0.152000|48350|50050|1.700000|0.100000|0.100000|0.000000|160|3|50|1000|10|6.321770e-10|-3.824936e-07|1.484632e-07|4.136418e-07|1.317936e-06|1.053630e-06|
0.163000|0.169000|48300|50050|1.700000|0.100000|0.100000|0.000000|160|3|50|1000|100|7.626255e-10|3.950110e-07|9.742043e-07|1.572351e-06|5.431165e-08|5.134981e-07|
0.117000|0.129000|45000|50050|1.700000|0.100000|0.100000|0.100000|60|3|50|1000|0|1.081217e+00|-9.942830e-01|5.865572e-03|5.534016e-03|1.922022e-02|-5.769233e-04|
0.130000|0.144000|45400|50050|1.700000|0.100000|0.100000|0.100000|60|3|50|1000|10|3.484825e-02|-1.231061e-03|1.235421e-02|-1.137517e-03|-4.174130e-03|1.694522e-03|
0.321000|0.411000|39650|50050|1.700000|0.100000|0.100000|0.100000|60|3|50|1000|100|1.003022e+00|4.622272e-04|-3.355885e-03|-5.020163e-03|2.531080e-04|9.969341e-01|
0.513000|0.513000|50050|50050|1.700000|0.100000|0.100000|0.100000|100|3|50|1000|0|8.869816e-04|1.620632e-03|-1.989618e-05|-3.136571e-04|-1.153226e-03|6.447676e-04|
0.300000|0.361000|40400|50050|1.700000|0.100000|0.100000|0.100000|100|3|50|1000|10|4.451171e-06|-5.407199e-05|-1.344908e-04|-3.682258e-05|7.654135e-06|-3.192838e-06|
0.280000|0.300000|40400|50050|1.700000|0.100000|0.100000|0.100000|100|3|50|1000|100|4.115981e-05|3.501573e-04|-1.443047e-04|-8.387721e-05|-2.297474e-04|6.491366e-05|
0.104000|0.135000|45900|50050|1.700000|0.100000|0.100000|0.100000|130|3|50|1000|0|4.109025e-06|3.516065e-05|4.253204e-05|-1.833128e-05|-4.282690e-05|-1.244838e-04|
0.383000|0.474000|39200|50050|1.700000|0.100000|0.100000|0.100000|130|3|50|1000|10|8.110266e-08|-3.966339e-06|-8.116026e-06|-1.500034e-05|1.006903e-05|8.959760e-07|
0.307000|0.373000|39050|50050|1.700000|0.100000|0.100000|0.100000|130|3|50|1000|100|8.288598e-08|-7.204102e-07|1.254229e-05|-8.978297e-06|-3.921546e-06|-1.280517e-05|
0.246000|0.278000|44450|50050|1.700000|0.100000|0.100000|0.100000|80|3|50|1000|0|9.950084e-01|-9.950629e-01|3.483708e-04|1.408542e-04|1.582608e-04|-2.678894e-04|
0.264000|0.294000|44600|50050|1.700000|0.100000|0.100000|0.100000|80|3|50|1000|10|2.147070e-04|2.984452e-04|3.837300e-04|3.887432e-04|-7.500755e-04|-3.635711e-04|
0.840000|0.865000|44550|50050|1.700000|0.100000|0.100000|0.100000|80|3|50|1000|100|1.323865e-04|4.768994e-04|-3.358719e-04|5.608315e-04|-7.365715e-05|8.424581e-05|
0.251000|0.299000|41050|50050|1.700000|0.100000|0.100000|0.100000|40|3|50|1000|0|2.413744e+00|1.727719e-02|-3.185753e-02|-9.781558e-01|2.304937e-02|-9.911379e-01|
0.208000|0.284000|36850|50050|1.700000|0.100000|0.100000|0.100000|40|3|50|1000|10|1.229390e-01|3.601151e-03|-7.338888e-03|6.996073e-05|-2.187070e-02|8.677217e-03|
0.267000|0.284000|47000|50050|1.700000|0.100000|0.100000|0.100000|40|3|50|1000|100|1.073441e+00|-1.154738e-03|1.014357e+00|-1.969695e-03|4.448734e-04|-3.747539e-03|
0.187000|0.277000|32050|50050|1.700000|0.100000|0.100000|0.100000|30|3|50|1000|0|4.470480e+00|-9.557430e-01|1.019537e+00|-1.000502e+00|1.175785e-02|-9.817099e-01|
0.016000|0.259000|3800|50050|1.700000|0.100000|0.100000|0.100000|30|3|50|1000|10|3.719465e+00|-9.805880e-03|1.008564e+00|5.804918e-02|1.003046e+00|9.901160e-01|
0.259000|0.263000|49200|50050|1.700000|0.100000|0.100000|0.100000|30|3|50|1000|100|2.320552e+00|5.094420e-02|9.141537e-03|-3.637993e-02|4.985388e-02|1.010510e+00|
0.220000|0.276000|40250|50050|1.700000|0.100000|0.100000|0.100000|160|5|50|1000|0|2.114007e-10|4.074052e-07|-4.247756e-07|3.189832e-07|-2.219753e-09|-7.857570e-07|
0.353000|0.363000|48250|50050|1.700000|0.100000|0.100000|0.100000|160|5|50|1000|10|4.703793e-11|-3.330642e-07|-1.813366e-07|-1.020763e-07|1.807960e-07|-2.240388e-07|
0.289000|0.308000|48350|50050|1.700000|0.100000|0.100000|0.100000|160|5|50|1000|100|1.882555e-09|-4.756686e-07|2.446618e-06|-1.624290e-06|-2.457692e-07|7.603410e-07|
0.324000|0.342000|48350|50050|1.700000|0.100000|0.100000|0.100000|160|2|50|1000|0|4.056820e-04|-7.121374e-04|1.192913e-03|3.601344e-05|-2.122099e-04|-2.614313e-04|
0.255000|0.265000|48100|50050|1.700000|0.100000|0.100000|0.100000|160|2|50|1000|10|1.477853e-05|1.561866e-04|-3.065798e-05|1.853319e-04|-1.202413e-04|1.874783e-05|
0.244000|0.251000|48250|50050|1.700000|0.100000|0.100000|0.100000|160|2|50|1000|100|9.949591e-01|-2.038542e-06|-1.392104e-06|-9.949548e-01|2.734331e-06|-5.092804e-06|
0.178000|0.245000|32100|50050|1.700000|0.100000|0.100000|0.100000|160|10|50|1000|0|9.224976e-11|1.805887e-07|-1.361880e-07|-5.210240e-07|1.359038e-07|-3.520297e-07|
0.162000|0.191000|40300|50050|1.700000|0.100000|0.100000|0.100000|160|10|50|1000|10|5.826450e-12|6.647961e-09|-7.471355e-08|-1.377868e-07|-5.158873e-08|-4.569044e-08|
0.185000|0.191000|48350|50050|1.700000|0.100000|0.100000|0.100000|160|10|50|1000|100|6.461676e-11|3.328094e-07|-2.817750e-08|4.501211e-08|-4.330320e-07|-1.569556e-07|
0.142000|0.201000|39850|50050|1.700000|0.100000|0.100000|0.100000|160|1|50|1000|0|5.553353e-08|2.154324e-06|-6.222997e-06|8.777399e-06|1.138701e-05|-5.463010e-06|
0.300000|0.312000|48100|50050|1.700000|0.100000|0.100000|0.100000|160|1|50|1000|10|2.706287e-09|2.323366e-07|2.713927e-06|1.443390e-06|4.620260e-07|-1.981141e-06|
0.254000|0.263000|48350|50050|1.700000|0.100000|0.100000|0.100000|160|1|50|1000|100|3.104953e-08|7.955202e-06|-1.946912e-06|-5.324843e-06|-3.655688e-06|-6.907399e-06|
0.213000|0.222000|48050|50050|1.700000|0.100000|0.100000|0.100000|160|20|50|1000|0|4.618528e-12|3.284638e-08|-1.780698e-08|6.659609e-08|-1.310117e-07|1.661236e-08|
0.186000|0.191000|48200|50050|1.700000|0.100000|0.100000|0.100000|160|20|50|1000|10|1.632117e-11|1.484913e-07|5.401101e-08|7.152058e-08|2.282960e-07|-8.676154e-09|
0.113000|0.182000|32150|50050|1.700000|0.100000|0.100000|0.100000|160|20|50|1000|100|3.261391e-12|-8.789478e-08|-1.451873e-08|-8.055781e-08|-1.857660e-08|4.106873e-08|
0.239000|0.248000|48350|50050|1.700000|0.100000|0.100000|0.100000|160|0|50|1000|0|1.165326e-09|9.833437e-07|-1.015949e-08|-2.000466e-07|-2.205922e-06|-2.599356e-08|
0.226000|0.235000|48350|50050|1.700000|0.100000|0.100000|0.100000|160|0|50|1000|10|6.321770e-10|-3.824936e-07|1.484632e-07|4.136418e-07|1.317936e-06|1.053630e-06|
0.203000|0.213000|48300|50050|1.700000|0.100000|0.100000|0.100000|160|0|50|1000|100|7.626255e-10|3.950110e-07|9.742043e-07|1.572351e-06|5.431165e-08|5.134981e-07|
0.236000|0.285000|40300|50050|1.700000|0.100000|0.100000|0.100000|160|30|50|1000|0|9.949591e-01|-6.551042e-07|7.504490e-07|9.949588e-01|-3.743098e-07|1.577534e-07|
0.438000|0.455000|48200|50050|1.700000|0.100000|0.100000|0.100000|160|30|50|1000|10|9.004225e-09|3.567312e-06|3.578680e-07|-4.222387e-06|-2.449368e-06|-2.950301e-06|
0.278000|0.283000|48350|50050|1.700000|0.100000|0.100000|0.100000|160|30|50|1000|100|7.673862e-13|-8.250599e-09|3.457759e-08|-9.533712e-09|-1.256326e-08|4.886527e-08|
0.140000|0.197000|40300|50050|1.700000|0.100000|0.100000|0.100000|160|40|50|1000|0|9.949591e-01|-6.551042e-07|7.504490e-07|9.949588e-01|-3.743098e-07|1.577534e-07|
0.384000|0.397000|48200|50050|1.700000|0.100000|0.100000|0.100000|160|40|50|1000|10|9.004225e-09|3.567312e-06|3.578680e-07|-4.222387e-06|-2.449368e-06|-2.950301e-06|
0.280000|0.292000|48350|50050|1.700000|0.100000|0.100000|0.100000|160|40|50|1000|100|7.673862e-13|-8.250599e-09|3.457759e-08|-9.533712e-09|-1.256326e-08|4.886527e-08|
0.240000|0.278000|40300|50050|1.700000|0.100000|0.100000|0.100000|160|50|50|1000|0|9.949591e-01|-6.551042e-07|7.504490e-07|9.949588e-01|-3.743098e-07|1.577534e-07|
0.225000|0.235000|48200|50050|1.700000|0.100000|0.100000|0.100000|160|50|50|1000|10|9.004225e-09|3.567312e-06|3.578680e-07|-4.222387e-06|-2.449368e-06|-2.950301e-06|
0.355000|0.370000|48350|50050|1.700000|0.100000|0.100000|0.100000|160|50|50|1000|100|7.673862e-13|-8.250599e-09|3.457759e-08|-9.533712e-09|-1.256326e-08|4.886527e-08|
0.417000|0.427000|76800|80080|1.700000|0.100000|0.100000|0.100000|160|3|80|1000|0|2.568612e-10|-3.665259e-07|-7.579589e-07|1.409295e-07|7.412225e-07|-1.288103e-07|
0.250000|0.298000|63760|80080|1.700000|0.100000|0.100000|0.100000|160|3|80|1000|10|2.673843e-10|7.035318e-07|6.573432e-07|-5.077951e-07|-2.967496e-07|-2.733627e-07|
0.198000|0.318000|51360|80080|1.700000|0.100000|0.100000|0.100000|160|3|80|1000|100|7.261107e-10|4.063527e-07|1.723838e-06|4.386982e-07|-5.545483e-07|-1.524734e-07|
0.185000|0.189000|28980|30030|1.700000|0.100000|0.100000|0.100000|160|3|30|1000|0|1.851581e-03|-1.702572e-04|-8.072299e-04|-2.909784e-03|-3.103818e-04|2.989796e-04|
0.198000|0.205000|28980|30030|1.700000|0.100000|0.100000|0.100000|160|3|30|1000|10|1.804413e-04|5.738320e-04|1.214625e-04|-1.306518e-04|-2.238269e-04|7.059144e-04|
0.264000|0.272000|29010|30030|1.700000|0.100000|0.100000|0.100000|160|3|30|1000|100|3.534588e-09|2.605783e-06|1.442927e-06|-2.503698e-06|-1.316553e-06|9.706813e-07|
0.402000|0.411000|106040|110110|1.700000|0.100000|0.100000|0.100000|160|3|110|1000|0|2.630856e-10|-3.271915e-07|8.765028e-07|-2.861681e-07|-6.067374e-07|-2.780791e-08|
0.251000|0.306000|88660|110110|1.700000|0.100000|0.100000|0.100000|160|3|110|1000|10|5.865530e-10|-1.306109e-06|8.534878e-07|4.047520e-07|-4.723468e-07|3.677634e-07|
0.617000|0.889000|35530|110110|1.700000|0.100000|0.100000|0.100000|160|3|110|1000|100|3.720189e-10|1.032145e-06|5.115953e-07|-7.394174e-07|-3.461572e-08|-1.366199e-08|
0.357000|0.362000|19260|20020|1.700000|0.100000|0.100000|0.100000|160|3|20|1000|0|1.989918e+00|-9.949597e-01|-6.545183e-07|-5.255351e-07|9.949587e-01|1.928141e-06|
0.127000|0.130000|19300|20020|1.700000|0.100000|0.100000|0.100000|160|3|20|1000|10|2.984877e+00|-2.519799e-07|9.949575e-01|4.526863e-07|9.949568e-01|-9.949579e-01|
0.116000|0.121000|19340|20020|1.700000|0.100000|0.100000|0.100000|160|3|20|1000|100|9.954070e-01|-7.488722e-04|4.175821e-04|9.953946e-01|9.276091e-04|-6.872396e-04|
0.384000|0.396000|145050|150150|1.700000|0.100000|0.100000|0.100000|160|3|150|1000|0|3.074597e-09|1.508241e-06|5.898437e-07|-3.116568e-06|9.324874e-07|-1.514044e-06|
0.540000|0.576000|145050|150150|1.700000|0.100000|0.100000|0.100000|160|3|150|1000|10|7.941594e-10|-7.032626e-07|-9.167002e-07|1.038931e-06|-1.256295e-06|-1.020587e-07|
0.281000|0.465000|72300|150150|1.700000|0.100000|0.100000|0.100000|160|3|150|1000|100|6.652812e-11|-3.463322e-08|4.467362e-07|1.617682e-07|2.342276e-07|-2.313569e-07|
0.191000|0.195000|9600|10010|1.700000|0.100000|0.100000|0.100000|160|3|10|1000|0|1.989918e+00|-9.949675e-01|1.160009e-05|-9.949626e-01|-5.297818e-06|-3.822610e-06|
0.169000|0.178000|9600|10010|1.700000|0.100000|0.100000|0.100000|160|3|10|1000|10|9.960366e-01|-2.029376e-04|-2.210632e-03|2.260388e-04|9.943449e-01|-2.748418e-04|
0.127000|0.130000|9610|10010|1.700000|0.100000|0.100000|0.100000|160|3|10|1000|100|3.979832e+00|1.989924e+00|3.999446e-06|-8.271704e-06|7.517501e-06|-3.616608e-05|
0.878000|0.907000|193400|200200|1.700000|0.100000|0.100000|0.100000|160|3|200|1000|0|5.213252e-11|2.679631e-07|-2.187930e-07|-3.210334e-07|1.990736e-07|-2.064915e-08|
0.632000|0.645000|193200|200200|1.700000|0.100000|0.100000|0.100000|160|3|200|1000|10|3.484502e-11|1.166475e-07|-6.287336e-08|3.794361e-07|-2.398634e-08|-1.163688e-07|
0.359000|0.547000|127200|200200|1.700000|0.100000|0.100000|0.100000|160|3|200|1000|100|9.297452e-11|-9.987625e-08|-2.556932e-07|-2.219545e-07|3.107525e-08|5.857330e-07|
0.841000|0.882000|288600|300300|1.700000|0.100000|0.100000|0.100000|160|3|300|1000|0|3.554135e-11|5.386302e-08|-2.085831e-07|-2.650816e-07|-1.478315e-07|2.014680e-07|
0.817000|0.842000|289200|300300|1.700000|0.100000|0.100000|0.100000|160|3|300|1000|10|6.110668e-12|-3.868694e-08|1.179177e-07|1.113964e-08|1.537862e-08|-1.226695e-07|
0.874000|0.912000|290100|300300|1.700000|0.100000|0.100000|0.100000|160|3|300|1000|100|9.388685e-10|8.236136e-07|1.580136e-08|1.001189e-06|1.426067e-06|-1.008853e-06|
0.161000|0.166000|23850|25050|1.700000|0.100000|0.100000|0.100000|160|3|50|500|0|9.949982e-01|-9.946675e-01|6.593079e-06|-2.049122e-04|2.657115e-04|-1.320067e-05|
0.183000|0.187000|24200|25050|1.700000|0.100000|0.100000|0.100000|160|3|50|500|10|5.877567e-09|1.962349e-06|-9.314468e-07|2.059808e-06|-2.525376e-06|3.779849e-06|
0.104000|0.108000|24050|25050|1.700000|0.100000|0.100000|0.100000|160|3|50|500|100|2.171250e-07|-6.207242e-07|-8.504818e-06|3.013770e-05|3.990089e-06|9.874431e-06|
0.325000|0.332000|72500|75050|1.700000|0.100000|0.100000|0.100000|160|3|50|1500|0|7.491209e-09|2.552144e-06|-9.401221e-07|-2.174067e-06|2.921754e-07|-5.054739e-06|
0.272000|0.280000|72500|75050|1.700000|0.100000|0.100000|0.100000|160|3|50|1500|10|3.968097e-10|5.478256e-07|5.581390e-07|8.243496e-07|5.070775e-07|6.721923e-07|
0.169000|0.244000|48300|75050|1.700000|0.100000|0.100000|0.100000|160|3|50|1500|100|3.632437e-10|-5.189912e-07|-8.137691e-07|-3.809748e-07|-2.993315e-07|8.152356e-07|
