0.212000|0.219000|48250|50050|1.700000|0.100000|0.100000|0.100000|160|3|50|1000|0|3.055901e+00|-2.409408e-03|-1.009225e+00|9.988612e-01|2.716244e-03|2.571871e-03|-6.420425e-04|-9.971074e-01|1.264119e-03|-1.060724e-02|6.298305e-04|
0.187000|0.193000|48200|50050|1.700000|0.100000|0.100000|0.100000|160|3|50|1000|10|5.974269e+00|1.990428e+00|9.955619e-01|-2.617227e-03|1.162601e-03|2.335570e-03|1.663450e-03|-6.129560e-04|-9.935146e-01|1.494312e-03|-1.017324e-03|
0.157000|0.162000|48350|50050|1.700000|0.100000|0.100000|0.100000|160|3|50|1000|100|4.980098e+00|-2.108039e-03|9.966324e-01|-1.446125e-04|9.960333e-01|-9.933178e-01|-2.096583e-03|-1.774605e-03|9.935655e-01|9.960096e-01|2.242832e-03|
0.125000|0.156000|40250|50050|1.750000|0.100000|0.100000|0.100000|160|3|50|1000|0|3.985983e+00|1.351775e-03|-9.954742e-01|-9.978408e-01|-8.867652e-05|4.329487e-03|-1.036012e-04|2.684670e-04|-1.077259e-03|-9.944939e-01|-9.943448e-01|
0.160000|0.166000|48350|50050|1.750000|0.100000|0.100000|0.100000|160|3|50|1000|10|5.018100e+00|-9.895110e-01|1.185522e-03|1.005006e+00|-1.439072e-03|9.933410e-01|-1.002194e+00|3.292865e-03|2.219078e-03|-2.515377e-03|-9.922804e-01|
0.253000|0.258000|48300|50050|1.750000|0.100000|0.100000|0.100000|160|3|50|1000|100|5.017248e+00|4.574603e-03|-4.854496e-03|4.651578e-03|-7.030006e-03|8.422140e-03|-1.993302e+00|-2.395963e-03|-2.727325e-03|-1.692404e-04|9.932631e-01|
0.160000|0.168000|48250|50050|1.600000|0.100000|0.100000|0.100000|160|3|50|1000|0|9.949586e+00|-1.989913e+00|9.949595e-01|-1.015981e-07|9.949594e-01|-9.949584e-01|-9.949573e-01|1.282773e-06|-9.949601e-01|9.949587e-01|-1.275942e-07|
0.155000|0.160000|48350|50050|1.600000|0.100000|0.100000|0.100000|160|3|50|1000|10|2.985210e+00|-3.739812e-04|-9.942672e-01|1.420172e-04|4.415539e-04|7.220081e-04|5.070918e-07|3.926137e-04|9.947773e-01|9.950406e-01|3.619165e-04|
0.159000|0.164000|48300|50050|1.600000|0.100000|0.100000|0.100000|160|3|50|1000|100|4.974795e+00|9.657314e-08|-9.949572e-01|9.949561e-01|-4.741042e-07|-9.949612e-01|-9.949604e-01|1.568682e-06|-9.949581e-01|-1.167810e-07|-2.394690e-07|
0.155000|0.161000|48150|50050|1.500000|0.100000|0.100000|0.100000|160|3|50|1000|0|1.094455e+01|-9.949400e-01|-4.221334e-05|6.692045e-05|1.989899e+00|-1.550684e-05|1.625020e-05|-4.208367e-05|-9.949566e-01|-9.949608e-01|-1.990060e+00|
0.156000|0.162000|48350|50050|1.500000|0.100000|0.100000|0.100000|160|3|50|1000|10|1.193993e+01|9.956531e-01|2.170734e-05|-9.951646e-01|1.989278e+00|3.489433e-04|9.951486e-01|-3.618274e-05|1.989809e+00|9.951165e-01|-1.023193e-03|
0.159000|0.164000|48350|50050|1.500000|0.100000|0.100000|0.100000|160|3|50|1000|100|1.193950e+01|9.949618e-01|-1.989910e+00|9.949543e-01|9.345988e-06|1.989918e+00|8.540652e-06|-1.276301e-06|9.949433e-01|-2.631537e-06|9.949574e-01|
0.152000|0.157000|48350|50050|1.350000|0.100000|0.100000|0.100000|160|3|50|1000|0|2.189013e+01|9.946531e-01|9.951108e-01|-9.940361e-01|1.988130e+00|2.984980e+00|1.989107e+00|-9.950077e-01|-9.955738e-01|-2.389685e-04|-4.302071e-04|
0.149000|0.158000|47150|50050|1.350000|0.100000|0.100000|0.100000|160|3|50|1000|10|8.954626e+00|2.247594e-09|-9.949586e-01|5.409987e-09|9.949586e-01|9.949586e-01|-9.949586e-01|1.612948e-09|-1.989912e+00|9.949586e-01|1.391692e-09|
0.173000|0.179000|48350|50050|1.350000|0.100000|0.100000|0.100000|160|3|50|1000|100|1.094459e+01|-1.060144e-04|-9.949405e-01|3.976413e-05|-5.928518e-05|1.989912e+00|-9.944874e-01|1.141111e-05|9.071876e-06|9.949644e-01|1.989846e+00|
0.153000|0.159000|48350|50050|1.200000|0.100000|0.100000|0.100000|160|3|50|1000|0|1.393077e+01|-9.952869e-01|-1.990987e+00|3.110147e-04|1.988903e+00|1.316998e-03|9.956913e-01|-9.952229e-01|-9.948599e-01|-9.935041e-01|-9.948873e-01|
0.156000|0.161000|48350|50050|1.200000|0.100000|0.100000|0.100000|160|3|50|1000|10|6.964708e+00|3.065031e-06|2.837923e-06|4.615479e-07|-1.842977e-07|-1.658377e-07|9.949565e-01|-1.036649e-07|-9.949605e-01|1.989911e+00|-9.949581e-01|
0.160000|0.165000|48350|50050|1.200000|0.100000|0.100000|0.100000|160|3|50|1000|100|1.392941e+01|1.989911e+00|3.007557e-06|9.949579e-01|1.388854e-06|-9.530606e-07|1.232907e-06|3.092573e-06|-9.949590e-01|-1.989906e+00|1.989912e+00|
0.048000|0.159000|14900|50050|2.000000|0.100000|0.100000|0.100000|160|3|50|1000|0|3.395712e+01|1.040763e+00|1.789330e+00|-2.221525e-02|-1.027862e+00|1.579090e-01|1.009437e+00|-1.134675e+00|8.816567e-01|-9.556737e-01|1.900061e+00|
0.156000|0.159000|49150|50050|2.000000|0.100000|0.100000|0.100000|160|3|50|1000|10|2.566483e+01|-1.006580e+00|-2.240315e-02|8.148541e-02|8.091249e-01|1.050887e+00|1.023175e+00|1.083121e+00|7.374040e-02|8.737344e-01|-1.162948e+00|
0.127000|0.165000|39400|50050|2.000000|0.100000|0.100000|0.100000|160|3|50|1000|100|3.207879e+01|3.612754e-01|-2.502585e-03|2.383380e-02|-9.883612e-01|-4.299692e-02|8.285200e-02|-2.091037e-02|-1.362056e-01|7.782934e-01|-3.980189e-02|
0.154000|0.159000|48250|50050|1.700000|0.200000|0.100000|0.100000|160|3|50|1000|0|2.022760e+00|-3.850969e-03|-8.359558e-03|-1.290613e-03|-6.215816e-03|-1.920913e-03|-9.926918e-01|-4.362410e-04|2.220093e-03|-9.902005e-01|1.995955e-03|
0.153000|0.161000|47450|50050|1.700000|0.200000|0.100000|0.100000|160|3|50|1000|10|2.277744e+00|6.773042e-03|1.833993e-02|-1.030437e-02|9.906379e-01|4.082674e-03|5.111926e-03|-9.935514e-01|3.074659e-03|-2.526522e-03|2.976744e-02|
0.158000|0.164000|48350|50050|1.700000|0.200000|0.100000|0.100000|160|3|50|1000|100|3.979936e+00|-1.905104e-04|-9.950371e-01|3.578418e-04|-5.416741e-05|-8.761597e-05|-2.198010e-04|9.953445e-01|-9.947264e-01|9.950081e-01|2.611912e-04|
0.157000|0.162000|48350|50050|1.700000|0.050000|0.100000|0.100000|160|3|50|1000|0|2.984904e+00|4.352770e-06|1.272047e-04|-9.949108e-01|-1.128812e-04|-8.469363e-05|9.948528e-01|-9.949047e-01|-1.997446e-04|-1.819973e-05|2.016285e-04|
0.152000|0.158000|48350|50050|1.700000|0.050000|0.100000|0.100000|160|3|50|1000|10|4.978798e+00|9.940195e-01|-5.785956e-04|1.018254e-03|9.913342e-01|9.943791e-01|-9.947164e-01|-1.633034e-03|3.036258e-04|-3.002104e-04|-9.937120e-01|
0.155000|0.161000|48350|50050|1.700000|0.050000|0.100000|0.100000|160|3|50|1000|100|6.976263e+00|8.560343e-04|-3.966888e-03|-9.891938e-01|9.947282e-01|-9.935906e-01|1.989933e+00|2.338052e-03|2.073974e-04|-1.066515e-03|-3.671867e-05|
0.166000|0.171000|48350|50050|1.700000|0.300000|0.100000|0.100000|160|3|50|1000|0|9.950149e-01|6.278952e-05|2.846167e-05|-6.641073e-05|-2.025116e-04|-3.079175e-05|3.643751e-04|-9.950069e-01|6.350794e-05|2.793458e-04|-1.147514e-04|
0.154000|0.159000|48350|50050|1.700000|0.300000|0.100000|0.100000|160|3|50|1000|10|3.979838e+00|-4.535544e-05|-5.992308e-05|-9.949402e-01|-9.949699e-01|1.557512e-05|9.949577e-01|-1.794655e-05|-3.214408e-05|4.087615e-06|-9.950046e-01|
0.156000|0.161000|48350|50050|1.700000|0.300000|0.100000|0.100000|160|3|50|1000|100|7.960449e+00|1.681286e-03|1.550884e-05|9.950710e-01|1.102903e-04|9.942485e-01|5.162930e-04|-2.844797e-04|-1.990312e+00|9.951683e-01|9.951346e-01|
0.159000|0.165000|48200|50050|1.700000|0.010000|0.100000|0.100000|160|3|50|1000|0|9.963487e-01|-9.949154e-01|9.462740e-04|4.874561e-04|-5.725730e-04|2.085760e-04|1.292252e-03|1.499210e-03|-7.790377e-04|6.307852e-04|7.590700e-04|
0.154000|0.160000|48350|50050|1.700000|0.010000|0.100000|0.100000|160|3|50|1000|10|1.993898e+00|2.102285e-03|9.967242e-01|-1.023446e-03|-5.220934e-04|-8.200631e-04|1.558705e-03|-4.164150e-04|-1.346749e-04|-2.056316e-04|-9.977642e-01|
0.127000|0.158000|40150|50050|1.700000|0.010000|0.100000|0.100000|160|3|50|1000|100|2.785861e+01|4.974813e+00|8.692976e-05|1.063514e-04|9.949090e-01|9.949640e-01|7.830760e-06|5.356247e-06|-3.747213e-05|4.399490e-06|9.949947e-01|
0.128000|0.160000|39850|50050|1.700000|0.500000|0.100000|0.100000|160|3|50|1000|0|4.226682e+00|-1.049497e-02|-1.628148e-04|-9.654106e-01|9.933908e-01|-2.571050e-04|-2.201893e-03|2.852013e-03|-1.001791e+00|-1.061596e-02|-1.004489e+00|
0.152000|0.158000|48350|50050|1.700000|0.500000|0.100000|0.100000|160|3|50|1000|10|2.994864e+00|9.951994e-01|-4.913293e-03|-9.915857e-01|-5.641893e-06|2.458450e-03|-9.948746e-01|-1.278370e-03|1.418988e-03|-2.247585e-03|-1.484509e-04|
0.156000|0.161000|48350|50050|1.700000|0.500000|0.100000|0.100000|160|3|50|1000|100|2.986462e+00|-5.551935e-04|-9.949202e-01|-2.546544e-03|-3.629724e-04|-9.952465e-01|2.520900e-04|-3.808760e-04|5.127460e-04|9.950432e-01|7.092181e-04|
0.155000|0.160000|48250|50050|1.700000|0.000000|0.100000|0.100000|160|3|50|1000|0|2.487386e+01|-1.557719e-04|-6.111305e-04|-3.572126e-04|4.974556e+00|-8.183274e-05|-1.693094e-04|4.189674e-05|-2.971112e-04|3.907041e-05|1.116630e-05|
0.152000|0.158000|48200|50050|1.700000|0.000000|0.100000|0.100000|160|3|50|1000|10|1.989992e+00|1.601172e-04|7.866889e-05|-9.948051e-01|1.338376e-04|1.665426e-04|-1.298629e-04|4.053000e-04|-1.457696e-04|2.098303e-05|9.946958e-01|
0.154000|0.160000|48350|50050|1.700000|0.000000|0.100000|0.100000|160|3|50|1000|100|2.006582e+00|-3.019026e-03|-1.002196e+00|-3.888275e-03|9.943998e-01|1.411995e-03|-5.589647e-04|-7.685803e-04|-1.748761e-03|-2.030410e-04|-1.040060e-03|
0.233000|0.238000|48300|50050|1.700000|0.700000|0.100000|0.100000|160|3|50|1000|0|9.880724e+00|-9.548317e-01|-1.596475e-03|-9.465041e-01|-3.602954e-02|-9.506523e-01|-9.568761e-04|-1.001941e+00|6.783870e-02|-1.151395e-01|-9.777014e-01|
0.125000|0.174000|38750|50050|1.700000|0.700000|0.100000|0.100000|160|3|50|1000|10|1.011683e+01|-1.541121e-02|9.651438e-01|-9.846227e-02|-3.720626e-02|9.647447e-01|-6.737999e-02|1.025684e-01|2.123770e-02|-4.277188e-02|-9.148608e-01|
0.168000|0.175000|47900|50050|1.700000|0.700000|0.100000|0.100000|160|3|50|1000|100|6.583498e+00|-9.830993e-01|-9.902232e-01|-3.842555e-04|4.039329e-03|1.003739e+00|-1.018893e+00|-1.171721e-02|-1.009847e+00|1.159502e-02|9.526751e-01|
0.156000|0.162000|48350|50050|1.700000|1.000000|0.100000|0.100000|160|3|50|1000|0|7.321369e+00|-1.006267e+00|-9.799613e-01|1.008329e+00|9.702949e-01|2.954127e-02|-7.092409e-02|-1.060993e+00|1.798847e-02|2.398314e-03|1.512704e-02|
0.119000|0.160000|37550|50050|1.700000|1.000000|0.100000|0.100000|160|3|50|1000|10|6.093831e+00|-2.092399e-02|9.968073e-01|-9.920278e-01|-4.803626e-03|1.001081e+00|-1.047667e+00|-2.862107e-02|-2.975659e-02|-2.362596e-02|1.005570e+00|
0.035000|0.161000|10850|50050|1.700000|1.000000|0.100000|0.100000|160|3|50|1000|100|1.865620e+01|9.869254e-01|-1.049969e+00|-9.071650e-01|-9.559321e-01|-8.358850e-01|-1.937520e+00|2.666866e-02|1.161787e-02|1.035749e+00|6.057682e-02|
0.143000|0.162000|43950|50050|1.700000|1.200000|0.100000|0.100000|160|3|50|1000|0|1.467941e+01|-1.025225e+00|-1.113802e+00|-9.715099e-01|9.939685e-01|9.698885e-01|9.778246e-01|-9.563146e-01|9.115741e-01|6.637477e-02|1.012595e+00|
0.148000|0.158000|46750|50050|1.700000|1.200000|0.100000|0.100000|160|3|50|1000|10|1.558155e+01|-4.846807e-03|1.028546e+00|-1.793747e-02|1.009849e+00|-1.476015e-01|5.005526e-02|9.480424e-02|-7.243803e-03|-8.669098e-02|1.759409e-01|
0.149000|0.162000|46000|50050|1.700000|1.200000|0.100000|0.100000|160|3|50|1000|100|1.707119e+01|6.972363e-02|-1.928090e+00|-1.003469e+00|8.066285e-02|-1.638804e-02|-1.011970e+00|-1.002267e+00|1.189559e-01|-4.785337e-02|1.118257e+00|
0.124000|0.161000|38150|50050|1.700000|1.500000|0.100000|0.100000|160|3|50|1000|0|1.995955e+01|-8.893504e-01|3.161530e-02|-1.133321e-01|-6.228395e-02|-1.030521e-01|-1.052316e+00|-9.193947e-01|-1.485254e-01|9.302295e-01|-9.311272e-01|
0.128000|0.159000|40150|50050|1.700000|1.500000|0.100000|0.100000|160|3|50|1000|10|1.481189e+01|1.138035e-01|-9.790718e-01|-5.058761e-02|-1.080894e+00|9.148737e-01|-8.979075e-01|-1.019906e+00|4.794541e-02|1.057009e+00|9.567053e-03|
0.147000|0.165000|44500|50050|1.700000|1.500000|0.100000|0.100000|160|3|50|1000|100|1.917527e+01|7.287390e-02|-7.988254e-01|1.054345e+00|9.514041e-01|-1.109150e+00|-9.355874e-01|-5.548990e-02|1.473314e-03|-5.915943e-02|9.994830e-01|
0.155000|0.161000|48350|50050|1.700000|0.100000|0.200000|0.100000|160|3|50|1000|0|1.989937e+00|-3.449460e-05|3.018223e-06|2.793840e-04|9.949895e-01|-1.933505e-05|-1.921446e-05|-5.592273e-07|-8.150933e-05|9.950303e-01|4.026027e-05|
0.153000|0.158000|48350|50050|1.700000|0.100000|0.200000|0.100000|160|3|50|1000|10|3.979934e+00|1.066582e-04|7.283799e-05|9.946902e-01|-9.948492e-01|2.359066e-04|9.953964e-01|1.396329e-04|-2.616078e-04|-1.435008e-04|9.951506e-01|
0.157000|0.163000|48350|50050|1.700000|0.100000|0.200000|0.100000|160|3|50|1000|100|2.987397e+00|1.174532e-04|-6.334441e-04|-2.004387e-03|1.585197e-03|4.630010e-04|9.943192e-01|-9.642560e-04|1.747845e-03|9.944103e-01|9.940386e-01|
0.171000|0.177000|48350|50050|1.700000|0.100000|0.050000|0.100000|160|3|50|1000|0|4.992508e+00|-2.777261e-04|-9.868707e-01|-2.334032e-03|9.943623e-01|-3.376521e-04|2.288571e-03|9.940149e-01|9.947764e-01|-3.316742e-03|-9.940683e-01|
0.153000|0.158000|48300|50050|1.700000|0.100000|0.050000|0.100000|160|3|50|1000|10|2.028290e+00|1.173487e-03|-1.841185e-04|3.665897e-03|9.911701e-01|2.571030e-03|-9.979016e-01|1.049415e-02|-2.766415e-03|2.102937e-03|-5.176321e-03|
0.154000|0.159000|48350|50050|1.700000|0.100000|0.050000|0.100000|160|3|50|1000|100|4.036415e+00|-9.983289e-01|-1.000969e-02|9.907440e-01|3.051371e-03|2.102331e-03|-9.980039e-01|9.969864e-01|8.709847e-03|-4.983973e-03|5.303971e-03|
0.151000|0.158000|48250|50050|1.700000|0.100000|0.300000|0.100000|160|3|50|1000|0|9.951912e-01|9.946692e-01|-3.171667e-04|-2.523594e-04|-1.281047e-04|-8.272395e-04|2.683602e-05|2.468656e-04|3.668631e-05|-3.877517e-04|8.953513e-05|
0.155000|0.161000|48100|50050|1.700000|0.100000|0.300000|0.100000|160|3|50|1000|10|2.984880e+00|-9.949733e-01|-9.033077e-06|-6.518145e-05|4.013160e-06|1.860315e-05|-9.948923e-01|-9.949288e-01|-1.328869e-05|1.702303e-06|6.425884e-05|
0.154000|0.161000|48350|50050|1.700000|0.100000|0.300000|0.100000|160|3|50|1000|100|2.984887e+00|5.491458e-05|-9.950345e-01|1.262491e-05|6.928038e-05|-6.568973e-05|3.301176e-05|-9.949368e-01|-9.948736e-01|4.541765e-05|1.507704e-04|
0.239000|0.245000|48050|50050|1.700000|0.100000|0.010000|0.100000|160|3|50|1000|0|6.227527e+00|-1.008029e+00|-1.030444e-02|9.908506e-01|9.854318e-01|-8.472769e-04|9.877157e-01|9.793665e-01|9.836934e-01|-6.953452e-03|-2.109022e-02|
0.100000|0.159000|31350|50050|1.700000|0.100000|0.010000|0.100000|160|3|50|1000|10|5.854965e+00|-2.812230e-03|-9.622435e-01|1.004812e+00|3.793077e-02|1.001705e+00|-7.511713e-03|-3.447524e-02|-9.782635e-01|1.519265e-02|1.001389e+00|
0.151000|0.157000|48100|50050|1.700000|0.100000|0.010000|0.100000|160|3|50|1000|100|7.188402e+00|-1.147357e-03|-9.754574e-01|-1.866853e-03|9.963491e-01|-1.523979e-02|-9.956437e-01|-1.005829e+00|-1.014668e+00|-9.934217e-01|-9.943851e-01|
0.161000|0.166000|48150|50050|1.700000|0.100000|0.400000|0.100000|160|3|50|1000|0|9.925782e-05|-2.138623e-04|-4.508240e-05|-4.761548e-04|2.259671e-04|-2.746665e-05|7.640509e-05|2.242409e-04|1.590886e-04|1.929038e-04|2.352878e-04|
0.153000|0.158000|48350|50050|1.700000|0.100000|0.400000|0.100000|160|3|50|1000|10|9.950803e-01|-2.750801e-04|-2.664331e-04|1.761425e-04|1.650702e-04|3.598705e-04|-5.541132e-05|-7.301639e-05|-3.241362e-04|-1.927749e-04|9.953138e-01|
0.158000|0.164000|48350|50050|1.700000|0.100000|0.400000|0.100000|160|3|50|1000|100|1.989923e+00|-7.380038e-05|9.046183e-06|-7.919729e-05|8.446481e-05|2.849209e-05|-1.673126e-05|3.864800e-06|7.039352e-06|9.949281e-01|-9.950362e-01|
0.153000|0.161000|47700|50050|1.700000|0.100000|0.000000|0.100000|160|3|50|1000|0|4.577713e+00|-9.954894e-01|-1.081350e-04|-3.980132e-03|3.270788e-02|-9.990891e-01|-4.300266e-02|9.942473e-01|-9.958630e-01|-8.513843e-03|1.582907e-03|
0.166000|0.172000|48250|50050|1.700000|0.100000|0.000000|0.100000|160|3|50|1000|10|4.617673e+00|-9.982032e-01|5.548444e-03|1.004723e+00|1.018114e+00|6.178096e-03|4.556565e-04|1.757040e-02|-4.049460e-02|9.984685e-01|2.352614e-02|
0.151000|0.160000|47150|50050|1.700000|0.100000|0.000000|0.100000|160|3|50|1000|100|4.814735e+00|9.951560e-01|-9.941194e-01|-1.019449e+00|6.534271e-03|-1.354499e-02|-6.702263e-03|3.244663e-02|-1.781373e-02|1.001282e+00|-4.408588e-02|
0.156000|0.161000|48350|50050|1.700000|0.100000|1.000000|0.100000|160|3|50|1000|0|2.018058e-04|-3.337588e-04|3.478452e-04|-6.748354e-05|4.281876e-05|-3.633976e-04|-4.688265e-05|9.395101e-06|2.008306e-04|7.728445e-04|-8.039779e-05|
0.153000|0.159000|48050|50050|1.700000|0.100000|1.000000|0.100000|160|3|50|1000|10|4.098732e-04|3.968372e-04|6.906960e-04|6.647754e-04|-5.166259e-04|-1.861721e-04|-5.803982e-04|-1.528494e-04|4.956930e-04|2.516980e-04|-1.366022e-04|
0.155000|0.160000|48350|50050|1.700000|0.100000|1.000000|0.100000|160|3|50|1000|100|8.484680e-03|-2.963039e-04|-1.747580e-03|2.786452e-03|1.024557e-03|-2.000730e-03|5.979616e-04|-4.287979e-03|-5.446626e-04|2.007409e-03|-1.933719e-03|
0.155000|0.161000|48350|50050|1.700000|0.100000|1.200000|0.100000|160|3|50|1000|0|1.005982e+00|3.990897e-03|1.903585e-03|-1.122515e-03|-1.989470e-03|-2.311571e-03|-1.173567e-03|-9.930984e-01|2.607909e-03|-1.080912e-03|3.556018e-03|
0.155000|0.161000|48100|50050|1.700000|0.100000|1.200000|0.100000|160|3|50|1000|10|6.155394e-03|-1.219065e-03|7.289168e-04|2.359393e-03|-1.088907e-03|1.079574e-03|-2.141927e-04|-1.403691e-03|8.440923e-04|1.195207e-04|-4.283605e-03|
0.153000|0.159000|48150|50050|1.700000|0.100000|1.200000|0.100000|160|3|50|1000|100|1.041506e+00|-4.705513e-03|1.414201e-03|-4.770285e-03|1.533465e-03|2.157179e-03|6.449855e-04|-2.354021e-03|-6.976584e-03|-5.263412e-03|-1.004879e+00|
0.149000|0.159000|46750|50050|1.700000|0.100000|1.600000|0.100000|160|3|50|1000|0|5.515271e+00|-1.431396e-02|-3.954201e-02|9.627372e-01|-1.318395e-02|9.708259e-01|-6.405980e-04|-5.950916e-02|-9.691609e-01|-9.979472e-01|-4.568767e-03|
0.148000|0.161000|45750|50050|1.700000|0.100000|1.600000|0.100000|160|3|50|1000|10|5.839074e+00|-9.849282e-01|-1.324445e-02|-1.015980e+00|-9.720906e-01|-8.692138e-03|3.071993e-03|-2.482019e-03|4.673806e-02|-1.008502e+00|9.689283e-01|
0.155000|0.164000|47200|50050|1.700000|0.100000|1.600000|0.100000|160|3|50|1000|100|3.595696e+00|-9.865416e-01|7.902479e-03|-1.436587e-02|-1.004315e+00|1.264427e-03|-1.003617e+00|4.869971e-02|-4.911507e-03|6.899007e-03|1.226361e-02|
0.155000|0.161000|48350|50050|1.700000|0.100000|0.700000|0.100000|160|3|50|1000|0|1.989950e+00|-1.234911e-04|-9.950739e-01|-1.299648e-04|-5.392729e-05|-9.948563e-01|2.007840e-04|-9.183193e-05|-1.072585e-04|1.481112e-04|1.330275e-04|
0.154000|0.160000|48050|50050|1.700000|0.100000|0.700000|0.100000|160|3|50|1000|10|9.981002e-01|2.108562e-03|9.929075e-01|-1.005149e-03|6.437240e-04|1.368811e-04|-7.424118e-04|-1.140547e-03|9.389371e-04|1.466225e-03|9.251327e-04|
0.158000|0.164000|48200|50050|1.700000|0.100000|0.700000|0.100000|160|3|50|1000|100|1.995853e+00|8.669318e-04|1.668495e-03|-9.950224e-01|4.040998e-04|-3.839549e-03|-1.085380e-03|2.654651e-03|5.438778e-04|-1.519719e-03|9.957590e-01|
0.159000|0.165000|47950|50050|1.700000|0.100000|0.900000|0.100000|160|3|50|1000|0|9.950765e-01|-1.811201e-04|-1.961250e-04|3.385730e-05|3.325783e-04|6.539938e-05|-3.024189e-04|9.947762e-01|2.010950e-04|4.052916e-04|-2.739876e-04|
0.154000|0.160000|48200|50050|1.700000|0.100000|0.900000|0.100000|160|3|50|1000|10|9.952617e-01|2.759431e-04|-3.723967e-04|5.220649e-04|-2.007821e-04|-3.936771e-04|3.845159e-04|-9.951725e-01|-3.000559e-04|4.914659e-04|-5.634323e-04|
0.154000|0.159000|48350|50050|1.700000|0.100000|0.900000|0.100000|160|3|50|1000|100|1.990361e+00|-9.952365e-01|-9.949334e-01|-3.820597e-04|9.466655e-05|1.486470e-04|-8.081392e-04|-6.644171e-04|9.031175e-04|2.595950e-04|-1.862752e-05|
0.153000|0.158000|48350|50050|1.700000|0.100000|0.100000|0.200000|160|3|50|1000|0|3.980114e+00|9.951786e-01|-2.733267e-04|-9.960125e-01|-1.912445e-04|9.949417e-01|1.304660e-04|-2.097366e-05|-1.937365e-04|9.947372e-01|-1.670272e-04|
0.156000|0.163000|48000|50050|1.700000|0.100000|0.100000|0.200000|160|3|50|1000|10|3.119738e+00|-5.118481e-03|-9.890832e-01|-9.989464e-01|2.854035e-03|1.565863e-02|9.840650e-03|6.940652e-03|1.146381e-02|9.933240e-01|8.429486e-03|
0.154000|0.160000|48000|50050|1.700000|0.100000|0.100000|0.200000|160|3|50|1000|100|6.095920e+00|2.588826e-03|-1.006868e+00|1.058576e-02|9.941229e-01|-1.015237e-02|9.910127e-01|-9.947975e-01|1.002337e+00|9.866359e-01|1.151269e-02|
0.155000|0.160000|48350|50050|1.700000|0.100000|0.100000|0.050000|160|3|50|1000|0|4.979430e+00|9.960350e-01|-1.303393e-04|9.937219e-01|9.987216e-01|-1.299904e-03|9.963451e-01|-9.361912e-04|-1.275636e-03|-9.947245e-01|5.778427e-04|
0.154000|0.160000|48250|50050|1.700000|0.100000|0.100000|0.050000|160|3|50|1000|10|1.693083e+01|-2.827128e-04|-1.547903e-04|6.502261e-03|-1.092147e-04|4.409939e-03|-3.980099e+00|2.732686e-03|6.431766e-04|-3.723217e-03|-9.946260e-01|
0.154000|0.159000|48300|50050|1.700000|0.100000|0.100000|0.050000|160|3|50|1000|100|2.984888e+00|-1.211393e-04|4.058621e-05|6.025754e-05|9.950163e-01|9.949773e-01|-9.950251e-01|-8.941472e-07|6.041905e-05|-3.182933e-05|1.519942e-04|
0.111000|0.159000|34800|50050|1.700000|0.100000|0.100000|0.300000|160|3|50|1000|0|1.083048e+01|9.856143e-03|-1.003407e+00|-9.632314e-02|-1.045569e+00|-9.606961e-01|7.922161e-03|-9.592044e-01|-9.315576e-01|7.050215e-02|1.033065e+00|
0.156000|0.164000|47700|50050|1.700000|0.100000|0.100000|0.300000|160|3|50|1000|10|9.021804e+00|2.450053e-02|-8.004682e-02|-1.020884e+00|8.986946e-01|1.019847e+00|1.037641e+00|-1.475608e-02|1.320456e-02|9.713466e-01|-2.339214e-02|
0.100000|0.173000|31500|50050|1.700000|0.100000|0.100000|0.300000|160|3|50|1000|100|1.563984e+01|9.453747e-01|-3.950663e-02|-1.014151e+00|9.135300e-02|1.078825e+00|5.445477e-02|6.973270e-02|8.830289e-01|1.387831e-01|-4.095431e-02|
0.158000|0.163000|48300|50050|1.700000|0.100000|0.100000|0.010000|160|3|50|1000|0|2.984878e+00|-9.949538e-01|2.788217e-05|1.387246e-05|7.358947e-06|1.562197e-05|1.189143e-05|-9.357107e-07|-2.113195e-05|9.949716e-01|-9.949657e-01|
0.168000|0.174000|48300|50050|1.700000|0.100000|0.100000|0.010000|160|3|50|1000|10|5.969792e+00|3.545226e-05|-9.948349e-01|-2.657962e-05|2.017965e-05|-1.990051e+00|-1.492198e-04|-2.136015e-06|-1.630646e-04|2.444761e-04|9.946948e-01|
0.157000|0.163000|48300|50050|1.700000|0.100000|0.100000|0.010000|160|3|50|1000|100|1.407981e+01|3.141291e-04|-1.006647e+00|-9.772194e-01|2.025635e-04|-5.451356e-07|9.849239e-01|9.872862e-01|-2.985751e+00|9.841826e-01|-5.614460e-03|
0.127000|0.159000|39950|50050|1.700000|0.100000|0.100000|0.250000|160|3|50|1000|0|3.509604e+00|8.752906e-03|3.753761e-02|1.000967e+00|-9.852716e-01|6.667079e-03|-1.795389e-02|1.639864e-02|9.276388e-04|-1.014878e+00|-1.831431e-03|
0.156000|0.161000|48350|50050|1.700000|0.100000|0.100000|0.250000|160|3|50|1000|10|3.445861e+00|1.113556e-02|6.139659e-05|-9.665789e-01|1.959317e-03|2.908336e-02|-2.317388e-03|1.012189e+00|9.814811e-01|3.465867e-03|-7.447728e-03|
0.152000|0.160000|47600|50050|1.700000|0.100000|0.100000|0.250000|160|3|50|1000|100|4.022045e+00|-9.949691e-01|-9.988335e-01|9.969312e-01|-6.396487e-04|8.548126e-04|-4.783644e-03|1.352774e-03|1.123275e-02|-5.857641e-03|9.922057e-01|
0.154000|0.160000|48350|50050|1.700000|0.100000|0.100000|0.000000|160|3|50|1000|0|7.959693e+00|-9.952028e-01|-1.389224e-04|-9.948484e-01|-1.411160e-04|9.949342e-01|1.989950e+00|9.949668e-01|-6.632698e-05|-1.988809e-05|1.028688e-04|
0.155000|0.161000|48350|50050|1.700000|0.100000|0.100000|0.000000|160|3|50|1000|10|7.991153e+00|1.809630e-03|9.954488e-01|-9.946112e-01|-1.003439e+00|-1.991013e+00|8.883858e-03|-1.036227e-03|-4.705891e-04|9.938671e-01|7.519243e-04|
0.153000|0.158000|48350|50050|1.700000|0.100000|0.100000|0.000000|160|3|50|1000|100|1.989908e+01|-2.633473e-07|2.618929e-05|-9.949624e-01|-9.949657e-01|-9.949643e-01|4.774765e-07|6.802538e-06|-3.979779e+00|9.949419e-01|-1.338121e-05|
0.112000|0.166000|33350|50050|1.700000|0.100000|0.100000|0.100000|60|3|50|1000|0|7.721237e+00|2.802707e-02|-9.704120e-01|9.690892e-01|1.012052e+00|3.438626e-03|-9.604052e-01|1.301545e-02|-9.978455e-01|-1.003880e+00|9.909186e-01|
0.155000|0.159000|48850|50050|1.700000|0.100000|0.100000|0.100000|60|3|50|1000|10|8.324678e+00|9.651336e-01|9.756435e-01|-9.718810e-01|-1.557623e-02|9.920107e-01|-4.146492e-03|7.317872e-02|-6.409352e-02|9.917451e-01|-9.728016e-01|
0.158000|0.162000|48850|50050|1.700000|0.100000|0.100000|0.100000|60|3|50|1000|100|1.252120e+01|-2.008882e-02|9.881049e-01|-1.005355e+00|1.019132e+00|-2.530304e-03|3.591693e-03|2.003879e+00|1.987169e+00|9.782335e-01|-3.598501e-02|
0.128000|0.160000|40300|50050|1.700000|0.100000|0.100000|0.100000|100|3|50|1000|0|4.285482e+00|-5.637028e-03|-9.922572e-01|2.299920e-03|-2.399934e-02|-3.193526e-03|-1.006561e+00|-1.009388e+00|3.427914e-03|-9.755684e-01|1.348807e-02|
0.159000|0.159000|50050|50050|1.700000|0.100000|0.100000|0.100000|100|3|50|1000|10|4.491753e+00|9.603932e-01|9.747971e-01|-1.184389e-02|-9.961304e-01|1.501710e-02|5.472997e-03|1.247358e-02|-1.010012e+00|3.984606e-03|1.391495e-02|
0.146000|0.164000|45450|50050|1.700000|0.100000|0.100000|0.100000|100|3|50|1000|100|1.109106e+01|3.856115e-03|1.989195e+00|2.869490e-03|9.830393e-01|-1.989712e+00|-7.831536e-03|9.881000e-01|-1.827485e-02|1.120790e-02|9.973212e-01|
0.159000|0.175000|44950|50050|1.700000|0.100000|0.100000|0.100000|130|3|50|1000|0|4.051898e+00|8.859056e-04|-9.914260e-01|9.943371e-01|2.321359e-03|-7.970120e-03|-9.922732e-01|-5.441476e-03|7.074901e-03|-1.228391e-02|9.883969e-01|
0.146000|0.159000|45900|50050|1.700000|0.100000|0.100000|0.100000|130|3|50|1000|10|2.988637e+00|-7.366572e-04|3.744005e-04|9.952800e-01|-9.952863e-01|-3.984517e-04|-2.997379e-03|-1.399396e-04|-9.953350e-01|-2.751915e-03|-1.086879e-03|
0.159000|0.159000|49950|50050|1.700000|0.100000|0.100000|0.100000|130|3|50|1000|100|7.002381e+00|2.108989e-03|4.706932e-03|6.742702e-03|-1.849657e-03|-1.986994e+00|-6.153724e-03|-5.104143e-03|9.894491e-01|9.931797e-01|9.920399e-01|
0.129000|0.162000|40150|50050|1.700000|0.100000|0.100000|0.100000|80|3|50|1000|0|6.131516e+00|-1.061685e-02|-9.995149e-01|9.979270e-01|1.357479e-02|1.215777e-02|-9.982013e-01|-9.858654e-01|-1.315941e-02|-9.967707e-01|9.864807e-01|
0.140000|0.158000|44300|50050|1.700000|0.100000|0.100000|0.100000|80|3|50|1000|10|7.979111e+00|1.020660e+00|1.017632e+00|9.908845e-01|-8.890998e-02|9.681626e-01|1.054574e-02|-1.000199e+00|-3.135479e-03|1.000417e+00|-1.851601e-02|
0.104000|0.160000|32250|50050|1.700000|0.100000|0.100000|0.100000|80|3|50|1000|100|1.187156e+01|-4.803237e-02|9.639095e-01|-1.000944e+00|9.833492e-01|-9.984870e-01|-8.538374e-03|1.959868e+00|9.848410e-01|9.819363e-01|9.965626e-01|
0.110000|0.244000|30250|50050|1.700000|0.100000|0.100000|0.100000|40|3|50|1000|0|1.330981e+01|1.363561e-01|5.650826e-02|-6.530483e-03|1.109824e+00|-2.404634e-02|-1.041466e+00|2.935725e-02|8.550788e-03|-9.042303e-01|9.501371e-01|
0.154000|0.164000|47000|50050|1.700000|0.100000|0.100000|0.100000|40|3|50|1000|10|1.889832e+01|1.917764e+00|-9.797475e-01|-9.111100e-01|-9.290539e-01|-6.027371e-03|7.218881e-02|-9.459517e-01|-9.773957e-02|1.035338e+00|1.271358e-01|
0.112000|0.160000|34800|50050|1.700000|0.100000|0.100000|0.100000|40|3|50|1000|100|1.867935e+01|1.329776e-01|1.149795e+00|-9.765238e-01|4.541827e-03|-8.830683e-01|-6.587081e-02|1.064625e+00|3.452617e-02|-7.145217e-02|9.450535e-01|
0.036000|0.160000|10550|50050|1.700000|0.100000|0.100000|0.100000|30|3|50|1000|0|1.956754e+01|-1.208758e-01|-1.101581e+00|9.552572e-01|-1.014421e+00|-1.115780e+00|-1.117632e+00|3.724029e-02|-1.003371e+00|9.684722e-02|5.169669e-02|
0.076000|0.164000|22750|50050|1.700000|0.100000|0.100000|0.100000|30|3|50|1000|10|2.634462e+01|-1.835241e-01|1.043746e-01|9.837550e-01|9.031879e-02|-1.018098e+00|7.892507e-01|-1.082292e+00|2.367228e-02|9.590303e-01|9.044984e-01|
0.112000|0.159000|35150|50050|1.700000|0.100000|0.100000|0.100000|30|3|50|1000|100|1.973808e+01|1.074217e-01|8.842091e-01|1.043806e+00|1.021061e+00|-1.047031e+00|2.020015e+00|9.642383e-01|9.992279e-01|1.075537e+00|9.445300e-01|
0.158000|0.165000|48250|50050|1.700000|0.100000|0.100000|0.100000|160|5|50|1000|0|4.497799e-07|8.984147e-06|-4.147767e-06|-8.013025e-07|-1.201178e-05|-4.013205e-06|-1.561199e-06|-1.359006e-05|1.035991e-05|-7.064359e-06|4.078991e-05|
0.169000|0.176000|48200|50050|1.700000|0.100000|0.100000|0.100000|160|5|50|1000|10|6.968994e+00|9.942589e-01|-5.775020e-04|9.964060e-01|-5.447179e-04|-1.987292e+00|3.070315e-04|9.667281e-04|-1.108055e-03|3.027557e-03|-9.946208e-01|
0.154000|0.160000|48350|50050|1.700000|0.100000|0.100000|0.100000|160|5|50|1000|100|9.949777e-01|-2.704296e-05|-2.752245e-06|5.171788e-05|-9.951813e-01|-5.254279e-06|1.736529e-04|2.913327e-05|-7.326053e-05|3.606909e-05|-5.667168e-05|
0.157000|0.162000|48350|50050|1.700000|0.100000|0.100000|0.100000|160|2|50|1000|0|1.989932e+00|-9.949462e-01|-9.948636e-01|-7.669121e-05|4.679666e-05|1.594333e-04|-8.796125e-05|6.807658e-05|8.679140e-05|2.507007e-05|-6.747125e-05|
0.152000|0.158000|48300|50050|1.700000|0.100000|0.100000|0.100000|160|2|50|1000|10|5.015428e+00|1.980415e+00|8.811908e-04|4.993648e-04|-9.960846e-01|5.757255e-03|-1.453566e-03|2.341675e-03|-5.568934e-04|3.358831e-03|7.768274e-03|
0.155000|0.161000|48250|50050|1.700000|0.100000|0.100000|0.100000|160|2|50|1000|100|4.005554e+00|1.815786e-03|-9.924261e-01|1.427873e-04|-9.962789e-01|5.250806e-03|9.908308e-01|9.902946e-01|-4.263083e-03|-5.777365e-03|-5.334609e-04|
0.164000|0.170000|48350|50050|1.700000|0.100000|0.100000|0.100000|160|10|50|1000|0|2.984879e+00|-9.949408e-01|5.473516e-06|6.425367e-05|-9.949602e-01|9.949480e-01|2.847428e-06|-3.019678e-05|3.458120e-06|-3.521221e-05|6.374592e-05|
0.155000|0.161000|48250|50050|1.700000|0.100000|0.100000|0.100000|160|10|50|1000|10|3.980014e+00|8.150580e-05|-2.791880e-04|-2.073008e-04|1.656593e-05|1.989575e+00|-1.469383e-04|-5.347899e-04|-8.057447e-05|5.508239e-04|-2.455411e-04|
0.157000|0.163000|48350|50050|1.700000|0.100000|0.100000|0.100000|160|10|50|1000|100|1.991753e+00|9.581049e-04|5.044747e-04|2.093119e-03|-6.762563e-04|-1.564712e-04|9.744598e-05|6.100243e-04|-9.936318e-01|-9.950982e-01|-1.026675e-03|
0.152000|0.158000|48100|50050|1.700000|0.100000|0.100000|0.100000|160|1|50|1000|0|1.095225e+01|2.709224e-03|1.990912e+00|9.946439e-01|1.665400e-03|3.323102e-03|-9.938447e-01|-9.929295e-01|8.891552e-04|3.233164e-03|1.990056e+00|
0.152000|0.158000|48100|50050|1.700000|0.100000|0.100000|0.100000|160|1|50|1000|10|7.025349e+00|-9.941435e-01|4.997930e-03|1.507384e-02|-1.937058e-03|1.543693e-03|9.903017e-01|-1.990666e+00|-1.683405e-03|9.919593e-01|-3.574342e-03|
0.153000|0.158000|48350|50050|1.700000|0.100000|0.100000|0.100000|160|1|50|1000|100|2.016188e+00|-2.276402e-03|8.277365e-04|3.274464e-03|-5.816360e-04|3.403073e-05|9.935722e-01|-7.927382e-03|5.600671e-03|9.985127e-01|2.596679e-03|
0.166000|0.175000|48350|50050|1.700000|0.100000|0.100000|0.100000|160|20|50|1000|0|4.975104e+00|1.138869e-03|-3.129730e-04|1.957078e-04|2.147714e-05|9.010046e-05|1.990005e+00|1.673568e-04|-9.949811e-01|-2.136847e-04|2.349956e-04|
0.159000|0.165000|48350|50050|1.700000|0.100000|0.100000|0.100000|160|20|50|1000|10|3.982126e+00|-4.756075e-04|-8.493350e-04|9.953477e-01|-9.940396e-01|-1.549750e-03|9.960267e-01|-9.327434e-04|-3.713300e-04|2.121982e-03|9.942195e-01|
0.175000|0.181000|48350|50050|1.700000|0.100000|0.100000|0.100000|160|20|50|1000|100|9.949619e-01|-3.324052e-05|3.284148e-06|7.026400e-05|4.324526e-07|-2.396242e-05|2.068172e-05|-9.949352e-01|-7.679542e-05|1.168160e-05|-2.509787e-05|
0.154000|0.159000|48350|50050|1.700000|0.100000|0.100000|0.100000|160|0|50|1000|0|7.959693e+00|-9.952028e-01|-1.389224e-04|-9.948484e-01|-1.411160e-04|9.949342e-01|1.989950e+00|9.949668e-01|-6.632698e-05|-1.988809e-05|1.028688e-04|
0.151000|0.156000|48350|50050|1.700000|0.100000|0.100000|0.100000|160|0|50|1000|10|7.991153e+00|1.809630e-03|9.954488e-01|-9.946112e-01|-1.003439e+00|-1.991013e+00|8.883858e-03|-1.036227e-03|-4.705891e-04|9.938671e-01|7.519243e-04|
0.153000|0.159000|48350|50050|1.700000|0.100000|0.100000|0.100000|160|0|50|1000|100|1.989908e+01|-2.633473e-07|2.618929e-05|-9.949624e-01|-9.949657e-01|-9.949643e-01|4.774765e-07|6.802538e-06|-3.979779e+00|9.949419e-01|-1.338121e-05|
0.166000|0.172000|48350|50050|1.700000|0.100000|0.100000|0.100000|160|30|50|1000|0|2.989267e+00|9.253497e-04|-3.732681e-04|9.953037e-01|-2.187951e-03|-9.945722e-01|-3.680014e-03|1.985397e-04|-9.948396e-01|1.377680e-03|-7.646929e-04|
0.161000|0.167000|48350|50050|1.700000|0.100000|0.100000|0.100000|160|30|50|1000|10|9.962773e-01|2.847530e-04|-1.458376e-03|-7.334307e-05|-1.101484e-03|-4.907191e-05|-8.949364e-04|9.976005e-04|6.425836e-04|7.775435e-04|-9.955930e-01|
0.240000|0.246000|48350|50050|1.700000|0.100000|0.100000|0.100000|160|30|50|1000|100|4.974796e+00|-1.629579e-05|-9.949478e-01|9.949372e-01|-2.373514e-06|3.027754e-06|-9.949636e-01|-5.142751e-05|2.068547e-06|9.949571e-01|-9.949736e-01|
0.162000|0.168000|48350|50050|1.700000|0.100000|0.100000|0.100000|160|40|50|1000|0|2.989267e+00|9.253497e-04|-3.732681e-04|9.953037e-01|-2.187951e-03|-9.945722e-01|-3.680014e-03|1.985397e-04|-9.948396e-01|1.377680e-03|-7.646929e-04|
0.161000|0.167000|48350|50050|1.700000|0.100000|0.100000|0.100000|160|40|50|1000|10|9.962773e-01|2.847530e-04|-1.458376e-03|-7.334307e-05|-1.101484e-03|-4.907191e-05|-8.949364e-04|9.976005e-04|6.425836e-04|7.775435e-04|-9.955930e-01|
0.167000|0.173000|48350|50050|1.700000|0.100000|0.100000|0.100000|160|40|50|1000|100|4.974796e+00|-1.629579e-05|-9.949478e-01|9.949372e-01|-2.373514e-06|3.027754e-06|-9.949636e-01|-5.142751e-05|2.068547e-06|9.949571e-01|-9.949736e-01|
0.168000|0.173000|48350|50050|1.700000|0.100000|0.100000|0.100000|160|50|50|1000|0|2.989267e+00|9.253497e-04|-3.732681e-04|9.953037e-01|-2.187951e-03|-9.945722e-01|-3.680014e-03|1.985397e-04|-9.948396e-01|1.377680e-03|-7.646929e-04|
0.169000|0.175000|48350|50050|1.700000|0.100000|0.100000|0.100000|160|50|50|1000|10|9.962773e-01|2.847530e-04|-1.458376e-03|-7.334307e-05|-1.101484e-03|-4.907191e-05|-8.949364e-04|9.976005e-04|6.425836e-04|7.775435e-04|-9.955930e-01|
0.164000|0.170000|48350|50050|1.700000|0.100000|0.100000|0.100000|160|50|50|1000|100|4.974796e+00|-1.629579e-05|-9.949478e-01|9.949372e-01|-2.373514e-06|3.027754e-06|-9.949636e-01|-5.142751e-05|2.068547e-06|9.949571e-01|-9.949736e-01|
0.243000|0.252000|77040|80080|1.700000|0.100000|0.100000|0.100000|160|3|80|1000|0|9.949632e-01|1.209695e-05|1.785408e-05|-1.447536e-05|4.369996e-05|-2.685701e-05|-6.999026e-05|-8.516323e-05|-6.697856e-05|-2.671101e-05|9.949755e-01|
0.219000|0.227000|77280|80080|1.700000|0.100000|0.100000|0.100000|160|3|80|1000|10|4.994821e+00|2.740811e-03|-9.916604e-01|1.047928e-03|9.967314e-01|9.935770e-01|9.927264e-01|1.001559e+00|2.226259e-03|-4.538539e-03|-1.522081e-03|
0.228000|0.235000|77360|80080|1.700000|0.100000|0.100000|0.100000|160|3|80|1000|100|3.028194e+00|-6.543094e-03|-7.195221e-03|-3.174654e-03|-6.999944e-03|-4.480863e-03|1.000941e+00|1.759215e-03|-1.094912e-03|-9.940711e-01|9.969006e-01|
0.111000|0.116000|28950|30030|1.700000|0.100000|0.100000|0.100000|160|3|30|1000|0|9.949642e+00|9.947131e-01|-9.949755e-01|-1.989924e+00|4.712871e-04|4.332300e-07|-7.305807e-05|7.102852e-05|1.989822e+00|7.610597e-05|-6.269997e-05|
0.112000|0.116000|29010|30030|1.700000|0.100000|0.100000|0.100000|160|3|30|1000|10|5.973532e+00|-8.815000e-05|3.986006e-04|1.987495e+00|-4.675974e-04|1.026779e-03|-1.158309e-03|-9.917642e-01|-9.944839e-01|-1.425324e-04|1.229828e-04|
0.113000|0.116000|29010|30030|1.700000|0.100000|0.100000|0.100000|160|3|30|1000|100|2.047411e+00|7.169117e-04|9.937335e-01|-1.853440e-03|3.879828e-03|-1.472878e-02|-9.939760e-01|3.877458e-03|1.626199e-03|5.518519e-03|-1.847670e-03|
0.314000|0.324000|106370|110110|1.700000|0.100000|0.100000|0.100000|160|3|110|1000|0|1.991099e+00|-1.860174e-04|-8.234190e-04|9.952389e-01|-1.531836e-03|-4.026358e-04|-7.974341e-04|1.324321e-03|-1.059599e-04|-9.954565e-01|-4.736958e-05|
0.333000|0.345000|106370|110110|1.700000|0.100000|0.100000|0.100000|160|3|110|1000|10|1.989925e+00|9.453761e-05|9.950164e-01|-6.949956e-05|9.949452e-01|-4.527710e-05|-1.116211e-04|3.189729e-05|2.165372e-05|-2.389612e-05|3.091131e-05|
0.338000|0.350000|106370|110110|1.700000|0.100000|0.100000|0.100000|160|3|110|1000|100|2.003945e+00|5.730895e-04|-6.535383e-03|3.664739e-04|-9.959080e-01|2.339279e-03|-2.314152e-03|-1.952448e-04|-1.334074e-03|9.935172e-01|-3.451780e-03|
0.093000|0.096000|19320|20020|1.700000|0.100000|0.100000|0.100000|160|3|20|1000|0|8.954662e+00|2.384031e-04|9.948416e-01|9.947390e-01|-1.968148e-05|9.024215e-05|-9.948227e-01|9.949956e-01|-1.990056e+00|-9.949583e-01|1.173466e-04|
0.097000|0.100000|19340|20020|1.700000|0.100000|0.100000|0.100000|160|3|20|1000|10|9.954301e+00|-1.610597e-03|-1.109116e-03|9.861889e-04|3.127941e-03|1.430286e-03|-6.993008e-04|9.967686e-01|1.398264e-04|2.983186e+00|8.429301e-04|
0.093000|0.096000|19320|20020|1.700000|0.100000|0.100000|0.100000|160|3|20|1000|100|8.954831e+00|-4.473042e-05|7.859572e-05|9.953293e-01|1.989672e+00|-9.948725e-01|9.952108e-01|-9.955456e-01|-9.954077e-01|-1.515311e-04|4.331573e-04|
0.424000|0.440000|144750|150150|1.700000|0.100000|0.100000|0.100000|160|3|150|1000|0|1.990125e+00|1.826177e-04|-3.759353e-04|-1.716691e-04|9.948101e-01|-4.253720e-04|9.950717e-01|-1.486688e-04|-6.279642e-05|-5.970086e-04|4.894060e-04|
0.424000|0.439000|145050|150150|1.700000|0.100000|0.100000|0.100000|160|3|150|1000|10|1.989930e+00|9.949750e-01|1.535209e-04|-3.806354e-05|-2.209629e-05|1.577536e-04|-3.036746e-05|-2.456560e-05|-7.631483e-05|-7.381186e-06|-9.949024e-01|
0.425000|0.439000|145050|150150|1.700000|0.100000|0.100000|0.100000|160|3|150|1000|100|1.005896e+00|-9.950664e-01|1.059805e-03|2.341766e-03|1.882560e-03|2.184822e-03|-2.281226e-03|1.704497e-03|4.902164e-03|2.829339e-03|2.183288e-04|
0.067000|0.070000|9670|10010|1.700000|0.100000|0.100000|0.100000|160|3|10|1000|0|3.184152e+01|-4.974743e+00|3.346915e-04|1.867602e-03|-6.154954e-04|-8.654219e-04|4.182991e-04|9.946580e-01|-1.989405e+00|-9.917609e-01|9.952886e-01|
0.066000|0.069000|9630|10010|1.700000|0.100000|0.100000|0.100000|160|3|10|1000|10|1.492442e+01|1.990069e+00|9.947023e-01|-1.989823e+00|-1.466146e-04|-9.949622e-01|-2.416215e-04|1.519491e-04|1.227492e-04|1.989836e+00|-9.950511e-01|
0.068000|0.070000|9670|10010|1.700000|0.100000|0.100000|0.100000|160|3|10|1000|100|1.990985e+01|-9.960209e-01|-5.181638e-04|1.599528e-03|1.988281e+00|-9.901483e-01|-9.988821e-01|-4.961774e-04|1.988334e+00|-2.293459e-03|-2.985785e+00|
0.585000|0.643000|192000|200200|1.700000|0.100000|0.100000|0.100000|160|3|200|1000|0|3.992383e+00|9.996467e-01|-9.949896e-01|4.313841e-04|-9.930820e-01|1.287742e-03|-1.969582e-03|9.982678e-01|4.433839e-03|-1.954061e-04|1.176629e-03|
0.536000|0.555000|193400|200200|1.700000|0.100000|0.100000|0.100000|160|3|200|1000|10|1.989955e+00|-9.951541e-01|-5.024387e-05|-1.275486e-04|-3.804308e-05|-3.005461e-04|8.020644e-05|6.771524e-05|5.441909e-05|1.168724e-04|9.948604e-01|
0.545000|0.565000|192600|200200|1.700000|0.100000|0.100000|0.100000|160|3|200|1000|100|3.019373e-02|-1.598084e-03|2.199359e-03|-4.960123e-03|-8.536015e-03|1.485162e-03|-4.268354e-03|-1.381578e-03|-1.734686e-03|-4.679985e-03|3.350417e-04|
0.752000|0.781000|290100|300300|1.700000|0.100000|0.100000|0.100000|160|3|300|1000|0|1.100576e-06|-1.971548e-05|-9.145175e-06|-1.053864e-05|2.919173e-05|1.367073e-05|5.311511e-05|-3.284387e-05|2.223130e-06|7.265850e-07|4.430430e-06|
0.770000|0.797000|290100|300300|1.700000|0.100000|0.100000|0.100000|160|3|300|1000|10|4.432029e-07|-1.634884e-05|1.110403e-05|-2.518022e-05|-8.375104e-06|2.403215e-05|-1.238437e-05|3.699845e-06|1.606288e-06|1.741864e-06|-1.972270e-05|
0.766000|0.792000|290100|300300|1.700000|0.100000|0.100000|0.100000|160|3|300|1000|100|9.985266e-01|5.472793e-04|4.693733e-04|-9.477326e-04|-3.421113e-03|1.704362e-03|-9.948339e-01|-1.195415e-03|-3.551734e-04|-3.209960e-04|5.312872e-04|
0.081000|0.084000|24200|25050|1.700000|0.100000|0.100000|0.100000|160|3|50|500|0|8.961953e+00|2.856913e-03|-9.951216e-01|9.963967e-01|1.991277e+00|-6.077782e-04|-9.907215e-01|-9.930134e-01|-1.005320e-03|-1.302212e-03|9.950999e-01|
0.077000|0.080000|24200|25050|1.700000|0.100000|0.100000|0.100000|160|3|50|500|10|7.981068e+00|1.982351e+00|9.966699e-01|9.928787e-01|-9.966864e-01|-2.708995e-06|-5.334890e-03|1.272935e-04|-9.970285e-01|-2.462040e-03|1.351347e-03|
0.076000|0.079000|24150|25050|1.700000|0.100000|0.100000|0.100000|160|3|50|500|100|9.008190e+00|9.237214e-03|1.990851e+00|-6.525124e-03|9.964940e-01|-1.000520e+00|-8.054970e-03|-3.288247e-04|9.921605e-01|9.980024e-01|1.000048e+00|
0.234000|0.242000|72500|75050|1.700000|0.100000|0.100000|0.100000|160|3|50|1500|0|2.009132e+00|6.809314e-03|-9.966608e-01|-2.305401e-03|3.317982e-03|2.290630e-03|-1.667778e-03|-9.935482e-01|3.098450e-03|-1.056423e-03|-3.246298e-03|
0.227000|0.238000|71550|75050|1.700000|0.100000|0.100000|0.100000|160|3|50|1500|10|2.341827e+00|-3.855016e-02|9.862872e-01|1.424620e-02|1.084328e-03|7.856302e-04|-3.350362e-04|-4.711848e-04|-9.912741e-01|-1.126957e-03|1.739902e-04|
0.239000|0.247000|72500|75050|1.700000|0.100000|0.100000|0.100000|160|3|50|1500|100|2.986018e+00|3.734520e-04|9.966430e-01|1.439768e-04|-7.310083e-04|-9.948319e-01|-8.778831e-05|-1.318568e-03|2.165454e-04|9.955548e-01|-2.302402e-04|
