1.720000|1.804000|954250|1000050|50|20000|0.500000|0.070000|0|1|1|0|1.559459e-002|3.000092e-003|1.000031e-003|3.000092e-003|3.000092e-003|1.000031e-003|7.000214e-003|-1.000031e-003|-3.000092e-003|-1.000031e-003|-7.000214e-003|
1.266000|1.798000|705000|1000050|50|20000|0.500000|0.070000|0|1|1|10|1.824190e-002|-3.000092e-003|5.000153e-003|1.000031e-003|1.000031e-003|1.000031e-003|7.000214e-003|-9.000275e-003|-1.000031e-003|-3.000092e-003|3.000092e-003|
1.827000|1.827000|999700|1000050|50|20000|0.500000|0.070000|0|1|1|100|1.189128e-002|1.000031e-003|-3.000092e-003|-3.000092e-003|-1.000031e-003|-3.000092e-003|-5.000153e-003|5.000153e-003|-1.000031e-003|-1.000031e-003|1.000031e-003|
0.664000|1.181000|228860|400020|20|20000|0.500000|0.070000|0|1|1|0|1.511485e-002|-3.000092e-003|1.000031e-003|-7.000214e-003|1.000031e-003|3.000092e-003|1.000031e-003|1.000031e-003|7.000214e-003|3.000092e-003|-1.000031e-003|
1.003000|1.150000|345940|400020|20|20000|0.500000|0.070000|0|1|1|10|2.568395e-002|1.000031e-003|-1.000031e-003|-5.000153e-003|1.300040e-002|9.000275e-003|-1.000031e-003|-7.000214e-003|1.000031e-003|1.000031e-003|5.000153e-003|
1.118000|1.149000|387740|400020|20|20000|0.500000|0.070000|0|1|1|100|2.342273e-002|5.000153e-003|-1.100034e-002|7.000214e-003|-5.000153e-003|1.000031e-003|3.000092e-003|-3.000092e-003|7.000214e-003|1.000031e-003|-3.000092e-003|
2.275000|3.077000|1484400|2000100|100|20000|0.500000|0.070000|0|1|1|0|2.274308e-002|-5.000153e-003|5.000153e-003|-1.000031e-003|1.000031e-003|1.000031e-003|-1.300040e-002|-5.000153e-003|3.000092e-003|-5.000153e-003|1.000031e-003|
2.876000|3.092000|1864100|2000100|100|20000|0.500000|0.070000|0|1|1|10|2.308499e-002|1.000031e-003|1.000031e-003|-3.000092e-003|9.000275e-003|7.000214e-003|1.000031e-003|-1.000031e-003|-5.000153e-003|-1.100034e-002|1.000031e-003|
2.807000|3.054000|1837200|2000100|100|20000|0.500000|0.070000|0|1|1|100|2.169096e-002|-1.000031e-003|-1.000031e-003|-1.500046e-002|-1.000031e-003|3.000092e-003|3.000092e-003|-1.000031e-003|-1.000031e-003|-1.000031e-003|-3.000092e-003|
6.429000|6.613000|3891600|4000200|200|20000|0.500000|0.070000|0|1|1|0|2.922841e-002|3.000092e-003|-7.000214e-003|-1.100034e-002|1.300040e-002|-5.000153e-003|3.000092e-003|-3.000092e-003|-7.000214e-003|-3.000092e-003|-1.000031e-003|
5.815000|6.579000|3542800|4000200|200|20000|0.500000|0.070000|0|1|1|10|3.986617e-002|-1.000031e-003|9.000275e-003|7.000214e-003|1.000031e-003|9.000275e-003|1.000031e-003|7.000214e-003|1.900058e-002|1.300040e-002|-1.000031e-003|
6.570000|6.585000|3990200|4000200|200|20000|0.500000|0.070000|0|1|1|100|6.595985e-002|7.000214e-003|-5.000153e-003|1.100034e-002|3.500107e-002|1.300040e-002|3.000092e-003|1.700052e-002|7.000214e-003|1.000031e-003|1.000031e-003|
0.401000|0.448000|227850|250050|50|5000|0.500000|0.070000|0|1|1|0|7.888599e-002|2.100064e-002|1.000031e-003|3.000092e-003|-1.500046e-002|-2.100064e-002|-1.100034e-002|7.000214e-003|-3.100095e-002|5.000153e-003|1.900058e-002|
0.401000|0.439000|229650|250050|50|5000|0.500000|0.070000|0|1|1|10|1.331230e-001|1.100034e-002|5.000153e-003|1.300040e-002|1.000031e-003|-2.300070e-002|7.000214e-003|-3.700113e-002|-1.000031e-003|-6.100186e-002|-1.700052e-002|
0.401000|0.463000|215750|250050|50|5000|0.500000|0.070000|0|1|1|100|1.182905e-001|-1.500046e-002|-5.100156e-002|-3.000092e-003|-1.000031e-003|7.000214e-003|4.100125e-002|-1.300040e-002|7.000214e-003|1.300040e-002|-1.500046e-002|
1.257000|1.341000|699350|750050|50|15000|0.500000|0.070000|0|1|1|0|3.114555e-002|3.000092e-003|1.000031e-003|3.000092e-003|-5.000153e-003|1.000031e-003|7.000214e-003|-1.000031e-003|-1.900058e-002|-1.000031e-003|-7.000214e-003|
1.266000|1.351000|705000|750050|50|15000|0.500000|0.070000|0|1|1|10|1.824190e-002|-3.000092e-003|5.000153e-003|1.000031e-003|1.000031e-003|1.000031e-003|7.000214e-003|-9.000275e-003|-1.000031e-003|-3.000092e-003|3.000092e-003|
1.272000|1.341000|707900|750050|50|15000|0.500000|0.070000|0|1|1|100|2.779523e-002|1.000031e-003|-1.100034e-002|-3.000092e-003|-1.000031e-003|-3.000092e-003|-5.000153e-003|5.000153e-003|7.000214e-003|-1.000031e-003|-1.300040e-002|
3.402000|3.540000|1917850|2000050|50|40000|0.500000|0.070000|0|1|1|0|9.210818e-003|1.000031e-003|1.000031e-003|1.000031e-003|3.000092e-003|1.000031e-003|-1.000031e-003|-1.000031e-003|-3.000092e-003|-1.000031e-003|-5.000153e-003|
2.991000|3.508000|1707650|2000050|50|40000|0.500000|0.070000|0|1|1|10|8.421488e-003|-3.000092e-003|1.000031e-003|1.000031e-003|1.000031e-003|1.000031e-003|-3.000092e-003|-1.000031e-003|-1.000031e-003|-3.000092e-003|3.000092e-003|
2.275000|3.578000|1274950|2000050|50|40000|0.500000|0.070000|0|1|1|100|9.210818e-003|1.000031e-003|-3.000092e-003|-1.000031e-003|-1.000031e-003|-3.000092e-003|1.000031e-003|5.000153e-003|-1.000031e-003|-1.000031e-003|1.000031e-003|
1.366000|1.735000|788700|1000050|50|20000|0.300000|0.070000|0|1|1|0|9.942452e-003|-3.000092e-003|3.000092e-003|-3.000092e-003|1.000031e-003|3.000092e-003|-3.000092e-003|-1.000031e-003|3.000092e-003|1.000031e-003|-1.000031e-003|
1.551000|1.752000|886250|1000050|50|20000|0.300000|0.070000|0|1|1|10|1.358789e-002|-3.000092e-003|1.000031e-003|-7.000214e-003|1.000031e-003|-1.000031e-003|-1.000031e-003|3.000092e-003|1.000031e-003|5.000153e-003|3.000092e-003|
1.171000|1.726000|683300|1000050|50|20000|0.300000|0.070000|0|1|1|100|1.062797e-002|1.000031e-003|1.000031e-003|5.000153e-003|-1.000031e-003|-1.000031e-003|3.000092e-003|1.000031e-003|-1.000031e-003|1.000031e-003|5.000153e-003|
1.604000|1.798000|893100|1000050|50|20000|0.700000|0.070000|0|1|1|0|2.308510e-002|1.000031e-003|1.000031e-003|9.000275e-003|9.000275e-003|-7.000214e-003|7.000214e-003|1.000031e-003|3.000092e-003|-3.000092e-003|-3.000092e-003|
1.773000|1.811000|979600|1000050|50|20000|0.700000|0.070000|0|1|1|10|4.246581e-002|3.000092e-003|1.000031e-003|-7.000214e-003|3.000092e-003|-2.500076e-002|-1.000031e-003|-1.000031e-003|-5.000153e-003|7.000214e-003|-1.100034e-002|
1.497000|1.820000|822550|1000050|50|20000|0.700000|0.070000|0|1|1|100|1.905371e-002|1.000031e-003|5.000153e-003|-9.000275e-003|9.000275e-003|-1.000031e-003|3.000092e-003|1.000031e-003|-1.000031e-003|1.000031e-003|1.000031e-003|
1.281000|1.836000|688850|1000050|50|20000|0.850000|0.070000|0|1|1|0|1.696275e-002|3.000092e-003|1.000031e-003|-7.000214e-003|-3.000092e-003|3.000092e-003|1.000031e-003|5.000153e-003|7.000214e-003|3.000092e-003|-1.000031e-003|
1.742000|1.805000|973000|1000050|50|20000|0.850000|0.070000|0|1|1|10|1.189126e-002|-1.000031e-003|1.000031e-003|-1.000031e-003|7.000214e-003|-1.000031e-003|1.000031e-003|-3.000092e-003|-3.000092e-003|1.000031e-003|-3.000092e-003|
1.588000|1.789000|890750|1000050|50|20000|0.850000|0.070000|0|1|1|100|2.720545e-002|1.000031e-003|3.000092e-003|-1.300040e-002|5.000153e-003|-9.000275e-003|-1.000031e-003|-1.000031e-003|3.000092e-003|7.000214e-003|-7.000214e-003|
1.642000|1.720000|948550|1000050|50|20000|0.500000|0.030000|0|1|1|0|9.942445e-003|-3.000092e-003|-3.000092e-003|1.000031e-003|5.000153e-003|1.000031e-003|-1.000031e-003|1.000031e-003|-3.000092e-003|-1.000031e-003|1.000031e-003|
1.588000|1.758000|896200|1000050|50|20000|0.500000|0.030000|0|1|1|10|1.189128e-002|-3.000092e-003|-5.000153e-003|1.000031e-003|-1.000031e-003|-1.000031e-003|1.000031e-003|3.000092e-003|-3.000092e-003|-1.000031e-003|-5.000153e-003|
1.636000|1.758000|932650|1000050|50|20000|0.500000|0.030000|0|1|1|100|8.421481e-003|1.000031e-003|1.000031e-003|1.000031e-003|1.000031e-003|-1.000031e-003|3.000092e-003|5.000153e-003|1.000031e-003|1.000031e-003|1.000031e-003|
1.597000|1.804000|886100|1000050|50|20000|0.500000|0.100000|0|1|1|0|5.172131e-002|5.000153e-003|1.000031e-003|-3.000092e-003|-3.000092e-003|-5.000153e-003|-3.300101e-002|3.000092e-003|3.000092e-003|-9.000275e-003|-3.000092e-003|
1.783000|1.805000|986500|1000050|50|20000|0.500000|0.100000|0|1|1|10|2.473571e-002|5.000153e-003|-5.000153e-003|-7.000214e-003|-7.000214e-003|-7.000214e-003|3.000092e-003|7.000214e-003|5.000153e-003|1.000031e-003|7.000214e-003|
1.735000|1.782000|970400|1000050|50|20000|0.500000|0.100000|0|1|1|100|4.030678e-002|-5.000153e-003|-3.000092e-003|1.700052e-002|3.000092e-003|-1.000031e-003|-1.000031e-003|2.100064e-002|3.000092e-003|5.000153e-003|-1.000031e-003|
1.504000|1.820000|830800|1000050|50|20000|0.500000|0.050000|0|1|1|0|8.421481e-003|3.000092e-003|1.000031e-003|-1.000031e-003|1.000031e-003|-1.000031e-003|-5.000153e-003|-1.000031e-003|1.000031e-003|-1.000031e-003|1.000031e-003|
0.887000|1.811000|490150|1000050|50|20000|0.500000|0.050000|0|1|1|10|8.421481e-003|-1.000031e-003|-1.000031e-003|1.000031e-003|1.000031e-003|-1.000031e-003|1.000031e-003|-1.000031e-003|-1.000031e-003|5.000153e-003|3.000092e-003|
1.466000|1.736000|845000|1000050|50|20000|0.500000|0.050000|0|1|1|100|4.053382e-003|-1.000031e-003|-1.000031e-003|1.000031e-003|1.000031e-003|-1.000031e-003|1.000031e-003|-1.000031e-003|-1.000031e-003|1.000031e-003|1.000031e-003|
1.820000|1.851000|985800|1000050|50|20000|0.500000|0.070000|1|1|1|0|1.115047e-001|3.000092e-003|3.000092e-003|1.000031e-003|-2.100064e-002|1.500046e-002|4.500138e-002|-1.700052e-002|3.000092e-003|2.700083e-002|-3.100095e-002|
1.704000|1.789000|951750|1000050|50|20000|0.500000|0.070000|1|1|1|10|1.194873e-001|-3.300101e-002|-5.000153e-003|-3.500107e-002|1.000031e-003|-1.700052e-002|-9.000275e-003|-1.900058e-002|-2.100064e-002|3.900119e-002|-1.500046e-002|
1.673000|1.758000|944300|1000050|50|20000|0.500000|0.070000|1|1|1|100|1.635031e-001|3.000092e-003|1.500046e-002|-2.700083e-002|3.500107e-002|2.411557e-002|1.000031e-003|-2.000061e-003|-2.500076e-003|3.000092e-003|7.700235e-002|
1.303000|1.704000|762850|1000050|50|20000|0.500000|0.070000|0|0|1|0|5.462592e-003|1.000031e-003|1.000031e-003|1.000031e-003|1.000031e-003|1.000031e-003|-1.000031e-003|-1.000031e-003|-1.000031e-003|-1.000031e-003|-3.000092e-003|
1.203000|1.704000|705000|1000050|50|20000|0.500000|0.070000|0|0|1|10|5.462592e-003|3.000092e-003|-1.000031e-003|1.000031e-003|1.000031e-003|1.000031e-003|1.000031e-003|-1.000031e-003|-1.000031e-003|-1.000031e-003|1.000031e-003|
1.303000|1.720000|755350|1000050|50|20000|0.500000|0.070000|0|0|1|100|5.462592e-003|1.000031e-003|-1.000031e-003|-3.000092e-003|-1.000031e-003|-1.000031e-003|1.000031e-003|1.000031e-003|1.000031e-003|1.000031e-003|1.000031e-003|
1.720000|1.767000|976950|1000050|50|20000|0.500000|0.070000|0|1|0|0|5.817615e+000|1.870057e-001|6.910211e-001|-2.931090e+000|7.700235e-002|-1.157035e+000|1.831056e+000|9.410288e-001|-6.970213e-001|-1.183036e+000|-2.750084e-001|
1.488000|1.742000|850250|1000050|50|20000|0.500000|0.070000|0|1|0|10|5.735629e+000|-1.770054e-001|-1.261039e+000|-7.610233e-001|-1.010031e-001|-1.773054e+000|2.093064e+000|-1.275039e+000|1.223037e+000|-1.131035e+000|-6.670204e-001|
0.385000|1.751000|215800|1000050|50|20000|0.500000|0.070000|0|1|0|100|5.811891e+000|-1.445044e+000|1.650050e-001|1.475045e+000|-1.685052e+000|-2.230068e-001|1.873057e+000|8.230252e-001|9.510291e-001|-1.287039e+000|8.900272e-002|
