700
1000
0.950000|0.700000|200.000000
0|0| 1
0,1.399841e-03,9.010055e+03,8.300539e+00,0.002000,1400
1,1.399841e-03,5.622883e+03,5.858816e+00,0.003000,2100
2,1.399841e-03,3.240068e+03,3.690421e+00,0.003000,2800
3,1.399841e-03,1.978856e+03,2.415189e+00,0.004000,3500
4,1.399841e-03,1.138040e+03,1.476100e+00,0.005000,4200
5,1.399841e-03,6.152099e+02,9.266004e-01,0.005000,4900
6,1.399841e-03,2.978530e+02,5.530197e-01,0.006000,5600
7,1.399841e-03,1.173569e+02,3.252350e-01,0.007000,6300
8,6.793507e-05,3.375979e+01,1.310393e-01,0.008000,7000
9,6.793507e-05,9.819478e+00,3.552100e-02,0.009000,7700
10,6.793507e-05,2.312361e+00,8.395641e-03,0.009000,8400
11,4.359464e-05,1.016150e+00,1.762965e-03,0.011000,9100
12,2.045570e-05,9.344124e-01,2.580091e-04,0.012000,9800
13,2.045570e-05,8.953848e-01,3.413971e-04,0.013000,10500
14,7.874286e-06,8.062072e-01,4.610895e-04,0.014000,11200
15,7.387964e-06,6.585171e-01,5.552726e-04,0.014000,11900
16,1.984042e-06,4.551778e-01,5.512523e-04,0.015000,12600
17,1.984042e-06,2.490235e-01,4.160333e-04,0.016000,13300
18,1.984042e-06,1.137096e-01,2.034440e-04,0.016000,14000
19,1.984042e-06,6.234911e-02,8.496252e-05,0.018000,14700
20,1.984042e-06,3.754620e-02,4.428656e-05,0.020000,15400
21,1.984042e-06,2.186898e-02,2.810699e-05,0.021000,16100
22,1.984042e-06,1.249087e-02,1.480292e-05,0.022000,16800
23,1.984042e-06,8.168963e-03,8.434155e-06,0.022000,17500
24,1.984042e-06,5.361913e-03,5.268478e-06,0.023000,18200
25,1.984042e-06,3.782207e-03,3.417133e-06,0.024000,18900
26,9.493950e-08,2.678115e-03,2.615618e-06,0.025000,19600
27,9.493950e-08,1.841381e-03,1.682427e-06,0.026000,20300
28,9.493950e-08,1.527035e-03,9.877566e-07,0.026000,21000
29,9.493950e-08,1.392006e-03,2.669143e-07,0.027000,21700
30,9.493950e-08,1.373716e-03,2.009398e-07,0.028000,22400
31,9.493950e-08,1.354825e-03,2.992239e-07,0.029000,23100
32,9.493950e-08,1.320822e-03,4.175449e-07,0.029000,23800
33,9.493950e-08,1.252814e-03,5.742671e-07,0.030000,24500
34,9.493950e-08,1.147024e-03,7.307534e-07,0.031000,25200
35,9.493950e-08,9.807832e-04,8.732074e-07,0.032000,25900
36,9.493950e-08,7.314217e-04,9.452111e-07,0.033000,26600
37,9.493950e-08,4.159416e-04,8.335993e-07,0.034000,27300
38,9.493950e-08,1.779147e-04,5.251978e-07,0.035000,28000
39,9.493950e-08,7.590316e-05,1.592008e-07,0.036000,28700
40,9.493950e-08,6.645765e-05,7.677091e-15,0.036000,29400
41,9.493950e-08,6.645765e-05,7.677091e-15,0.037000,30100
42,8.827921e-08,6.645099e-05,2.517355e-10,0.038000,30800
43,8.827921e-08,6.645099e-05,2.517355e-10,0.039000,31500
44,8.827921e-08,6.644433e-05,3.557530e-10,0.040000,32200
45,8.827921e-08,6.643101e-05,5.023894e-10,0.040000,32900
46,8.827921e-08,6.639105e-05,7.909161e-10,0.041000,33600
47,8.827921e-08,6.633111e-05,1.083069e-09,0.042000,34300
48,8.827921e-08,6.622454e-05,1.452616e-09,0.043000,35000
49,8.827921e-08,6.608468e-05,1.808185e-09,0.043000,35700
50,8.827921e-08,6.567840e-05,2.486756e-09,0.044000,36400
51,8.827921e-08,6.506565e-05,3.050140e-09,0.045000,37100
52,8.827921e-08,6.415985e-05,3.332189e-09,0.046000,37800
53,8.827921e-08,6.296100e-05,2.886055e-09,0.046000,38500
54,8.827921e-08,6.214178e-05,1.747813e-09,0.047000,39200
55,8.827921e-08,6.184207e-05,6.631649e-10,0.048000,39900
56,8.827921e-08,6.180211e-05,2.517355e-10,0.049000,40600
57,8.827921e-08,6.180211e-05,2.517355e-10,0.049000,41300
58,8.827921e-08,6.179545e-05,1.162799e-14,0.050000,42000
59,8.827921e-08,6.179545e-05,1.162799e-14,0.051000,42700
60,8.827921e-08,6.179545e-05,1.162799e-14,0.052000,43400
61,8.827921e-08,6.179545e-05,1.162799e-14,0.052000,44100
62,8.827921e-08,6.179545e-05,1.162799e-14,0.053000,44800
63,8.827921e-08,6.179545e-05,1.162799e-14,0.054000,45500
64,8.827921e-08,6.179545e-05,1.162799e-14,0.055000,46200
65,8.827921e-08,6.179545e-05,1.162799e-14,0.055000,46900
66,8.827921e-08,6.179545e-05,1.162799e-14,0.056000,47600
67,8.827921e-08,6.179545e-05,1.162799e-14,0.057000,48300
68,8.827921e-08,6.179545e-05,1.162799e-14,0.058000,49000
69,8.827921e-08,6.179545e-05,1.162799e-14,0.059000,49700
70,8.827921e-08,6.179545e-05,1.162799e-14,0.059000,50400
71,8.827921e-08,6.179545e-05,1.162799e-14,0.060000,51100
72,8.827921e-08,6.179545e-05,1.162799e-14,0.061000,51800
73,8.827921e-08,6.179545e-05,1.162799e-14,0.062000,52500
74,8.827921e-08,6.179545e-05,1.162799e-14,0.062000,53200
75,8.827921e-08,6.179545e-05,1.162799e-14,0.063000,53900
76,8.827921e-08,6.179545e-05,1.162799e-14,0.064000,54600
77,8.827921e-08,6.179545e-05,1.162799e-14,0.065000,55300
78,8.827921e-08,6.179545e-05,1.162799e-14,0.066000,56000
79,8.827921e-08,6.179545e-05,1.162799e-14,0.067000,56700
80,8.827921e-08,6.179545e-05,1.162799e-14,0.067000,57400
81,8.827921e-08,6.179545e-05,1.162799e-14,0.068000,58100
82,1.937542e-09,6.170910e-05,3.263408e-09,0.069000,58800
83,1.937542e-09,6.170910e-05,3.263408e-09,0.070000,59500
84,1.937542e-09,6.170910e-05,3.263408e-09,0.071000,60200
85,1.937542e-09,6.145008e-05,6.512795e-09,0.071000,60900
86,1.937542e-09,6.119105e-05,8.597030e-09,0.072000,61600
87,1.937542e-09,6.034943e-05,1.312736e-08,0.073000,62300
88,1.937542e-09,5.918425e-05,1.739444e-08,0.074000,63000
89,1.937542e-09,5.687567e-05,2.328370e-08,0.074000,63700
90,1.937542e-09,5.195589e-05,3.138992e-08,0.075000,64400
91,1.937542e-09,4.530927e-05,3.784996e-08,0.076000,65100
92,1.937542e-09,3.348386e-05,4.217153e-08,0.077000,65800
93,1.937542e-09,2.072709e-05,3.928519e-08,0.078000,66500
94,1.937542e-09,8.313141e-06,2.645806e-08,0.078000,67200
95,1.937542e-09,2.350480e-06,1.042636e-08,0.079000,67900
96,1.937542e-09,1.442621e-06,3.263408e-09,0.080000,68600
97,1.937542e-09,1.356279e-06,0.000000e+00,0.081000,69300
98,1.937542e-09,1.356279e-06,0.000000e+00,0.082000,70000
99,1.937542e-09,1.356279e-06,0.000000e+00,0.083000,70700
100,1.937542e-09,1.356279e-06,0.000000e+00,0.084000,71400
101,1.937542e-09,1.356279e-06,0.000000e+00,0.084000,72100
102,1.937542e-09,1.356279e-06,0.000000e+00,0.085000,72800
103,1.937542e-09,1.356279e-06,0.000000e+00,0.086000,73500
104,1.937542e-09,1.356279e-06,0.000000e+00,0.087000,74200
105,1.937542e-09,1.356279e-06,0.000000e+00,0.088000,74900
106,1.937542e-09,1.356279e-06,0.000000e+00,0.089000,75600
107,1.937542e-09,1.356279e-06,0.000000e+00,0.090000,76300
108,1.937542e-09,1.356279e-06,0.000000e+00,0.091000,77000
109,1.937542e-09,1.356279e-06,0.000000e+00,0.091000,77700
110,1.937542e-09,1.356279e-06,0.000000e+00,0.092000,78400
111,1.937542e-09,1.356279e-06,0.000000e+00,0.093000,79100
112,1.937542e-09,1.356279e-06,0.000000e+00,0.094000,79800
113,1.937542e-09,1.356279e-06,0.000000e+00,0.095000,80500
114,1.937542e-09,1.356279e-06,0.000000e+00,0.096000,81200
115,1.937542e-09,1.356279e-06,0.000000e+00,0.097000,81900
116,1.937542e-09,1.356279e-06,0.000000e+00,0.098000,82600
117,1.937542e-09,1.356279e-06,0.000000e+00,0.099000,83300
118,1.937542e-09,1.356279e-06,0.000000e+00,0.100000,84000
119,1.937542e-09,1.356279e-06,0.000000e+00,0.101000,84700
120,1.937542e-09,1.356279e-06,0.000000e+00,0.102000,85400
121,1.937542e-09,1.356279e-06,0.000000e+00,0.102000,86100
122,1.937542e-09,1.356279e-06,0.000000e+00,0.103000,86800
123,1.937542e-09,1.356279e-06,0.000000e+00,0.104000,87500
124,1.937542e-09,1.356279e-06,0.000000e+00,0.105000,88200
125,1.937542e-09,1.356279e-06,0.000000e+00,0.106000,88900
126,1.937542e-09,1.356279e-06,0.000000e+00,0.106000,89600
127,1.937542e-09,1.356279e-06,0.000000e+00,0.107000,90300
128,1.937542e-09,1.356279e-06,0.000000e+00,0.108000,91000
129,1.937542e-09,1.356279e-06,0.000000e+00,0.109000,91700
130,1.937542e-09,1.356279e-06,0.000000e+00,0.109000,92400
131,1.937542e-09,1.356279e-06,0.000000e+00,0.110000,93100
132,1.937542e-09,1.356279e-06,0.000000e+00,0.111000,93800
133,1.937542e-09,1.356279e-06,0.000000e+00,0.112000,94500
134,1.937542e-09,1.356279e-06,0.000000e+00,0.113000,95200
135,1.937542e-09,1.356279e-06,0.000000e+00,0.114000,95900
136,1.937542e-09,1.356279e-06,0.000000e+00,0.114000,96600
137,1.937542e-09,1.356279e-06,0.000000e+00,0.115000,97300
138,1.937542e-09,1.356279e-06,0.000000e+00,0.116000,98000
139,1.937542e-09,1.356279e-06,0.000000e+00,0.117000,98700
140,1.937542e-09,1.356279e-06,0.000000e+00,0.117000,99400
141,1.937542e-09,1.356279e-06,0.000000e+00,0.118000,100100
142,1.937542e-09,1.356279e-06,0.000000e+00,0.119000,100800
143,1.937542e-09,1.356279e-06,0.000000e+00,0.120000,101500
144,1.937542e-09,1.356279e-06,0.000000e+00,0.120000,102200
145,1.937542e-09,1.356279e-06,0.000000e+00,0.121000,102900
146,1.937542e-09,1.356279e-06,0.000000e+00,0.122000,103600
147,1.937542e-09,1.356279e-06,0.000000e+00,0.122000,104300
148,1.937542e-09,1.356279e-06,0.000000e+00,0.123000,105000
149,1.937542e-09,1.356279e-06,0.000000e+00,0.124000,105700
150,1.937542e-09,1.356279e-06,0.000000e+00,0.124000,106400
151,1.937542e-09,1.356279e-06,0.000000e+00,0.125000,107100
152,1.937542e-09,1.356279e-06,0.000000e+00,0.126000,107800
153,1.937542e-09,1.356279e-06,0.000000e+00,0.126000,108500
154,1.937542e-09,1.356279e-06,0.000000e+00,0.127000,109200
155,1.937542e-09,1.356279e-06,0.000000e+00,0.128000,109900
156,1.937542e-09,1.356279e-06,0.000000e+00,0.129000,110600
157,1.937542e-09,1.356279e-06,0.000000e+00,0.129000,111300
158,1.937542e-09,1.356279e-06,0.000000e+00,0.130000,112000
159,1.937542e-09,1.356279e-06,0.000000e+00,0.131000,112700
160,1.937542e-09,1.356279e-06,0.000000e+00,0.131000,113400
161,1.937542e-09,1.356279e-06,0.000000e+00,0.132000,114100
162,1.937542e-09,1.356279e-06,0.000000e+00,0.133000,114800
163,1.937542e-09,1.356279e-06,0.000000e+00,0.134000,115500
164,1.937542e-09,1.356279e-06,0.000000e+00,0.134000,116200
165,1.937542e-09,1.356279e-06,0.000000e+00,0.135000,116900
166,1.937542e-09,1.356279e-06,0.000000e+00,0.136000,117600
167,1.937542e-09,1.356279e-06,0.000000e+00,0.136000,118300
168,1.937542e-09,1.356279e-06,0.000000e+00,0.137000,119000
169,1.937542e-09,1.356279e-06,0.000000e+00,0.138000,119700
170,1.937542e-09,1.356279e-06,0.000000e+00,0.138000,120400
171,1.937542e-09,1.356279e-06,0.000000e+00,0.139000,121100
172,1.937542e-09,1.356279e-06,0.000000e+00,0.140000,121800
173,1.937542e-09,1.356279e-06,0.000000e+00,0.141000,122500
174,1.937542e-09,1.356279e-06,0.000000e+00,0.141000,123200
175,1.937542e-09,1.356279e-06,0.000000e+00,0.142000,123900
176,1.937542e-09,1.356279e-06,0.000000e+00,0.143000,124600
177,1.937542e-09,1.356279e-06,0.000000e+00,0.144000,125300
178,1.937542e-09,1.356279e-06,0.000000e+00,0.144000,126000
179,1.937542e-09,1.356279e-06,0.000000e+00,0.145000,126700
180,1.937542e-09,1.356279e-06,0.000000e+00,0.146000,127400
181,1.937542e-09,1.356279e-06,0.000000e+00,0.146000,128100
182,1.937542e-09,1.356279e-06,0.000000e+00,0.147000,128800
183,1.937542e-09,1.356279e-06,0.000000e+00,0.148000,129500
184,1.937542e-09,1.356279e-06,0.000000e+00,0.148000,130200
185,1.937542e-09,1.356279e-06,0.000000e+00,0.149000,130900
186,1.937542e-09,1.356279e-06,0.000000e+00,0.150000,131600
187,1.937542e-09,1.356279e-06,0.000000e+00,0.150000,132300
188,1.937542e-09,1.356279e-06,0.000000e+00,0.151000,133000
189,1.937542e-09,1.356279e-06,0.000000e+00,0.152000,133700
190,1.937542e-09,1.356279e-06,0.000000e+00,0.152000,134400
191,1.937542e-09,1.356279e-06,0.000000e+00,0.153000,135100
192,1.937542e-09,1.356279e-06,0.000000e+00,0.154000,135800
193,1.937542e-09,1.356279e-06,0.000000e+00,0.155000,136500
194,1.937542e-09,1.356279e-06,0.000000e+00,0.155000,137200
195,1.937542e-09,1.356279e-06,0.000000e+00,0.156000,137900
196,1.937542e-09,1.356279e-06,0.000000e+00,0.157000,138600
197,1.937542e-09,1.356279e-06,0.000000e+00,0.158000,139300
198,1.937542e-09,1.356279e-06,0.000000e+00,0.159000,140000
199,1.937542e-09,1.356279e-06,0.000000e+00,0.159000,140700
200,1.937542e-09,1.356279e-06,0.000000e+00,0.160000,141400
201,1.937542e-09,1.356279e-06,0.000000e+00,0.161000,142100
202,1.937542e-09,1.356279e-06,0.000000e+00,0.162000,142800
203,1.937542e-09,1.356279e-06,0.000000e+00,0.162000,143500
204,1.937542e-09,1.356279e-06,0.000000e+00,0.163000,144200
205,1.937542e-09,1.356279e-06,0.000000e+00,0.164000,144900
206,1.937542e-09,1.356279e-06,0.000000e+00,0.165000,145600
207,1.937542e-09,1.356279e-06,0.000000e+00,0.165000,146300
208,1.937542e-09,1.356279e-06,0.000000e+00,0.166000,147000
209,1.937542e-09,1.356279e-06,0.000000e+00,0.167000,147700
210,1.937542e-09,1.356279e-06,0.000000e+00,0.167000,148400
211,1.937542e-09,1.356279e-06,0.000000e+00,0.168000,149100
212,1.937542e-09,1.356279e-06,0.000000e+00,0.169000,149800
213,1.937542e-09,1.356279e-06,0.000000e+00,0.170000,150500
214,1.937542e-09,1.356279e-06,0.000000e+00,0.171000,151200
215,1.937542e-09,1.356279e-06,0.000000e+00,0.171000,151900
216,1.937542e-09,1.356279e-06,0.000000e+00,0.172000,152600
217,1.937542e-09,1.356279e-06,0.000000e+00,0.173000,153300
218,1.937542e-09,1.356279e-06,0.000000e+00,0.174000,154000
219,1.937542e-09,1.356279e-06,0.000000e+00,0.174000,154700
220,1.937542e-09,1.356279e-06,0.000000e+00,0.175000,155400
221,1.937542e-09,1.356279e-06,0.000000e+00,0.176000,156100
222,1.937542e-09,1.356279e-06,0.000000e+00,0.176000,156800
223,1.937542e-09,1.356279e-06,0.000000e+00,0.177000,157500
224,1.937542e-09,1.356279e-06,0.000000e+00,0.178000,158200
225,1.937542e-09,1.356279e-06,0.000000e+00,0.179000,158900
226,1.937542e-09,1.356279e-06,0.000000e+00,0.180000,159600
227,1.937542e-09,1.356279e-06,0.000000e+00,0.181000,160300
228,1.937542e-09,1.356279e-06,0.000000e+00,0.181000,161000
229,1.937542e-09,1.356279e-06,0.000000e+00,0.182000,161700
230,1.937542e-09,1.356279e-06,0.000000e+00,0.183000,162400
231,1.937542e-09,1.356279e-06,0.000000e+00,0.184000,163100
232,1.937542e-09,1.356279e-06,0.000000e+00,0.185000,163800
233,1.937542e-09,1.356279e-06,0.000000e+00,0.186000,164500
234,1.937542e-09,1.356279e-06,0.000000e+00,0.187000,165200
235,1.937542e-09,1.356279e-06,0.000000e+00,0.188000,165900
236,1.937542e-09,1.356279e-06,0.000000e+00,0.188000,166600
237,1.937542e-09,1.356279e-06,0.000000e+00,0.189000,167300
238,1.937542e-09,1.356279e-06,0.000000e+00,0.190000,168000
239,1.937542e-09,1.356279e-06,0.000000e+00,0.191000,168700
240,1.937542e-09,1.356279e-06,0.000000e+00,0.191000,169400
241,1.937542e-09,1.356279e-06,0.000000e+00,0.192000,170100
242,1.937542e-09,1.356279e-06,0.000000e+00,0.193000,170800
243,1.937542e-09,1.356279e-06,0.000000e+00,0.193000,171500
244,1.937542e-09,1.356279e-06,0.000000e+00,0.194000,172200
245,1.937542e-09,1.356279e-06,0.000000e+00,0.195000,172900
246,1.937542e-09,1.356279e-06,0.000000e+00,0.195000,173600
247,1.937542e-09,1.356279e-06,0.000000e+00,0.196000,174300
248,1.089868e-09,1.355432e-06,3.203906e-11,0.197000,175000
249,1.089868e-09,1.353736e-06,5.541384e-11,0.198000,175700
250,1.089868e-09,1.349498e-06,9.016526e-11,0.198000,176400
251,1.089868e-09,1.346107e-06,1.101098e-10,0.199000,177100
252,1.089868e-09,1.336783e-06,1.512166e-10,0.200000,177800
253,1.089868e-09,1.320677e-06,2.014554e-10,0.200000,178500
254,1.089868e-09,1.293551e-06,2.608220e-10,0.201000,179200
255,1.089868e-09,1.257101e-06,3.164961e-10,0.202000,179900
256,1.089868e-09,1.185897e-06,3.837863e-10,0.202000,180600
257,1.089868e-09,1.080785e-06,4.230567e-10,0.203000,181300
258,1.089868e-09,9.324422e-07,3.832139e-10,0.204000,182000
259,1.089868e-09,8.154632e-07,2.410168e-10,0.205000,182700
260,1.089868e-09,7.696888e-07,9.016526e-11,0.205000,183400
261,1.089868e-09,7.629074e-07,1.187727e-17,0.206000,184100
262,1.089868e-09,7.629074e-07,1.187727e-17,0.207000,184800
263,1.089868e-09,7.629074e-07,1.187727e-17,0.207000,185500
264,1.089868e-09,7.629074e-07,1.187727e-17,0.208000,186200
265,1.089868e-09,7.629074e-07,1.187727e-17,0.209000,186900
266,1.089868e-09,7.629074e-07,1.187727e-17,0.210000,187600
267,1.089868e-09,7.629074e-07,1.187727e-17,0.210000,188300
268,1.089868e-09,7.629074e-07,1.187727e-17,0.211000,189000
269,1.089868e-09,7.629074e-07,1.187727e-17,0.212000,189700
270,1.089868e-09,7.629074e-07,1.187727e-17,0.212000,190400
271,1.089868e-09,7.629074e-07,1.187727e-17,0.213000,191100
272,1.089868e-09,7.629074e-07,1.187727e-17,0.214000,191800
273,1.089868e-09,7.629074e-07,1.187727e-17,0.214000,192500
274,1.089868e-09,7.629074e-07,1.187727e-17,0.215000,193200
275,1.089868e-09,7.629074e-07,1.187727e-17,0.216000,193900
276,1.089868e-09,7.629074e-07,1.187727e-17,0.216000,194600
277,1.089868e-09,7.629074e-07,1.187727e-17,0.217000,195300
278,1.089868e-09,7.629074e-07,1.187727e-17,0.218000,196000
279,1.089868e-09,7.629074e-07,1.187727e-17,0.218000,196700
280,1.089868e-09,7.629074e-07,1.187727e-17,0.219000,197400
281,1.089868e-09,7.629074e-07,1.187727e-17,0.220000,198100
282,1.089868e-09,7.629074e-07,1.187727e-17,0.221000,198800
283,1.089868e-09,7.629074e-07,1.187727e-17,0.221000,199500
284,1.089868e-09,7.629074e-07,1.187727e-17,0.222000,200200
285,1.089868e-09,7.629074e-07,1.187727e-17,0.223000,200900
286,1.089868e-09,7.629074e-07,1.187727e-17,0.223000,201600
287,1.089868e-09,7.629074e-07,1.187727e-17,0.224000,202300
288,1.089868e-09,7.629074e-07,1.187727e-17,0.225000,203000
289,1.089868e-09,7.629074e-07,1.187727e-17,0.225000,203700
290,1.089868e-09,7.629074e-07,1.187727e-17,0.226000,204400
291,1.089868e-09,7.629074e-07,1.187727e-17,0.227000,205100
292,1.089868e-09,7.629074e-07,1.187727e-17,0.228000,205800
293,1.089868e-09,7.629074e-07,1.187727e-17,0.228000,206500
294,1.089868e-09,7.629074e-07,1.187727e-17,0.229000,207200
295,1.089868e-09,7.629074e-07,1.187727e-17,0.230000,207900
296,1.089868e-09,7.629074e-07,1.187727e-17,0.230000,208600
297,1.089868e-09,7.629074e-07,1.187727e-17,0.231000,209300
298,1.089868e-09,7.629074e-07,1.187727e-17,0.232000,210000
299,1.089868e-09,7.629074e-07,1.187727e-17,0.232000,210700
300,1.089868e-09,7.629074e-07,1.187727e-17,0.233000,211400
301,1.089868e-09,7.629074e-07,1.187727e-17,0.234000,212100
302,1.089868e-09,7.629074e-07,1.187727e-17,0.234000,212800
303,1.089868e-09,7.629074e-07,1.187727e-17,0.235000,213500
304,1.089868e-09,7.629074e-07,1.187727e-17,0.236000,214200
305,1.089868e-09,7.629074e-07,1.187727e-17,0.237000,214900
306,1.089868e-09,7.629074e-07,1.187727e-17,0.237000,215600
307,1.089868e-09,7.629074e-07,1.187727e-17,0.238000,216300
308,1.089868e-09,7.629074e-07,1.187727e-17,0.239000,217000
309,1.089868e-09,7.629074e-07,1.187727e-17,0.239000,217700
310,1.089868e-09,7.629074e-07,1.187727e-17,0.240000,218400
311,1.089868e-09,7.629074e-07,1.187727e-17,0.241000,219100
312,1.089868e-09,7.629074e-07,1.187727e-17,0.242000,219800
313,1.089868e-09,7.629074e-07,1.187727e-17,0.242000,220500
314,1.089868e-09,7.629074e-07,1.187727e-17,0.243000,221200
315,1.089868e-09,7.629074e-07,1.187727e-17,0.244000,221900
316,1.089868e-09,7.629074e-07,1.187727e-17,0.244000,222600
317,1.089868e-09,7.629074e-07,1.187727e-17,0.245000,223300
318,1.089868e-09,7.629074e-07,1.187727e-17,0.246000,224000
319,1.089868e-09,7.629074e-07,1.187727e-17,0.246000,224700
320,1.089868e-09,7.629074e-07,1.187727e-17,0.247000,225400
321,1.089868e-09,7.629074e-07,1.187727e-17,0.248000,226100
322,1.089868e-09,7.629074e-07,1.187727e-17,0.248000,226800
323,1.089868e-09,7.629074e-07,1.187727e-17,0.249000,227500
324,1.089868e-09,7.629074e-07,1.187727e-17,0.250000,228200
325,1.089868e-09,7.629074e-07,1.187727e-17,0.251000,228900
326,1.089868e-09,7.629074e-07,1.187727e-17,0.252000,229600
327,1.089868e-09,7.629074e-07,1.187727e-17,0.252000,230300
328,1.089868e-09,7.629074e-07,1.187727e-17,0.253000,231000
329,1.089868e-09,7.629074e-07,1.187727e-17,0.254000,231700
330,1.089868e-09,7.629074e-07,1.187727e-17,0.254000,232400
331,1.089868e-09,7.629074e-07,1.187727e-17,0.255000,233100
332,1.089868e-09,7.629074e-07,1.187727e-17,0.256000,233800
333,1.089868e-09,7.629074e-07,1.187727e-17,0.256000,234500
334,1.089868e-09,7.629074e-07,1.187727e-17,0.257000,235200
335,1.089868e-09,7.629074e-07,1.187727e-17,0.258000,235900
336,1.089868e-09,7.629074e-07,1.187727e-17,0.259000,236600
337,1.089868e-09,7.629074e-07,1.187727e-17,0.259000,237300
338,1.089868e-09,7.629074e-07,1.187727e-17,0.260000,238000
339,1.089868e-09,7.629074e-07,1.187727e-17,0.261000,238700
340,1.089868e-09,7.629074e-07,1.187727e-17,0.261000,239400
341,1.089868e-09,7.629074e-07,1.187727e-17,0.262000,240100
342,1.089868e-09,7.629074e-07,1.187727e-17,0.263000,240800
343,1.089868e-09,7.629074e-07,1.187727e-17,0.263000,241500
344,1.089868e-09,7.629074e-07,1.187727e-17,0.264000,242200
345,1.089868e-09,7.629074e-07,1.187727e-17,0.265000,242900
346,1.089868e-09,7.629074e-07,1.187727e-17,0.266000,243600
347,1.089868e-09,7.629074e-07,1.187727e-17,0.266000,244300
348,1.089868e-09,7.629074e-07,1.187727e-17,0.267000,245000
349,1.089868e-09,7.629074e-07,1.187727e-17,0.268000,245700
350,1.089868e-09,7.629074e-07,1.187727e-17,0.269000,246400
351,1.089868e-09,7.629074e-07,1.187727e-17,0.270000,247100
352,1.089868e-09,7.629074e-07,1.187727e-17,0.271000,247800
353,1.089868e-09,7.629074e-07,1.187727e-17,0.271000,248500
354,1.089868e-09,7.629074e-07,1.187727e-17,0.272000,249200
355,1.089868e-09,7.629074e-07,1.187727e-17,0.273000,249900
356,1.089868e-09,7.629074e-07,1.187727e-17,0.273000,250600
357,1.089868e-09,7.629074e-07,1.187727e-17,0.274000,251300
358,1.089868e-09,7.629074e-07,1.187727e-17,0.275000,252000
359,1.089868e-09,7.629074e-07,1.187727e-17,0.276000,252700
360,1.089868e-09,7.629074e-07,1.187727e-17,0.276000,253400
361,1.089868e-09,7.629074e-07,1.187727e-17,0.277000,254100
362,1.089868e-09,7.629074e-07,1.187727e-17,0.278000,254800
363,1.089868e-09,7.629074e-07,1.187727e-17,0.278000,255500
364,1.089868e-09,7.629074e-07,1.187727e-17,0.279000,256200
365,1.089868e-09,7.629074e-07,1.187727e-17,0.280000,256900
366,1.089868e-09,7.629074e-07,1.187727e-17,0.280000,257600
367,1.089868e-09,7.629074e-07,1.187727e-17,0.281000,258300
368,1.089868e-09,7.629074e-07,1.187727e-17,0.282000,259000
369,1.089868e-09,7.629074e-07,1.187727e-17,0.283000,259700
370,1.089868e-09,7.629074e-07,1.187727e-17,0.283000,260400
371,1.089868e-09,7.629074e-07,1.187727e-17,0.284000,261100
372,1.089868e-09,7.629074e-07,1.187727e-17,0.285000,261800
373,1.089868e-09,7.629074e-07,1.187727e-17,0.285000,262500
374,1.089868e-09,7.629074e-07,1.187727e-17,0.286000,263200
375,1.089868e-09,7.629074e-07,1.187727e-17,0.287000,263900
376,1.089868e-09,7.629074e-07,1.187727e-17,0.288000,264600
377,1.089868e-09,7.629074e-07,1.187727e-17,0.288000,265300
378,1.089868e-09,7.629074e-07,1.187727e-17,0.289000,266000
379,1.089868e-09,7.629074e-07,1.187727e-17,0.290000,266700
380,1.089868e-09,7.629074e-07,1.187727e-17,0.290000,267400
381,1.089868e-09,7.629074e-07,1.187727e-17,0.291000,268100
382,1.089868e-09,7.629074e-07,1.187727e-17,0.292000,268800
383,1.089868e-09,7.629074e-07,1.187727e-17,0.292000,269500
384,1.089868e-09,7.629074e-07,1.187727e-17,0.293000,270200
385,1.089868e-09,7.629074e-07,1.187727e-17,0.294000,270900
386,1.089868e-09,7.629074e-07,1.187727e-17,0.294000,271600
387,1.089868e-09,7.629074e-07,1.187727e-17,0.295000,272300
388,1.089868e-09,7.629074e-07,1.187727e-17,0.296000,273000
389,1.089868e-09,7.629074e-07,1.187727e-17,0.296000,273700
390,1.089868e-09,7.629074e-07,1.187727e-17,0.297000,274400
391,1.089868e-09,7.629074e-07,1.187727e-17,0.298000,275100
392,1.089868e-09,7.629074e-07,1.187727e-17,0.299000,275800
393,1.089868e-09,7.629074e-07,1.187727e-17,0.299000,276500
394,1.089868e-09,7.629074e-07,1.187727e-17,0.300000,277200
395,1.089868e-09,7.629074e-07,1.187727e-17,0.301000,277900
396,1.089868e-09,7.629074e-07,1.187727e-17,0.301000,278600
397,1.089868e-09,7.629074e-07,1.187727e-17,0.302000,279300
398,1.089868e-09,7.629074e-07,1.187727e-17,0.303000,280000
399,1.089868e-09,7.629074e-07,1.187727e-17,0.304000,280700
400,1.089868e-09,7.629074e-07,1.187727e-17,0.304000,281400
401,1.089868e-09,7.629074e-07,1.187727e-17,0.305000,282100
402,1.089868e-09,7.629074e-07,1.187727e-17,0.306000,282800
403,1.089868e-09,7.629074e-07,1.187727e-17,0.306000,283500
404,1.089868e-09,7.629074e-07,1.187727e-17,0.307000,284200
405,1.089868e-09,7.629074e-07,1.187727e-17,0.308000,284900
406,1.089868e-09,7.629074e-07,1.187727e-17,0.309000,285600
407,1.089868e-09,7.629074e-07,1.187727e-17,0.309000,286300
408,1.089868e-09,7.629074e-07,1.187727e-17,0.310000,287000
409,1.089868e-09,7.629074e-07,1.187727e-17,0.311000,287700
410,1.089868e-09,7.629074e-07,1.187727e-17,0.311000,288400
411,1.089868e-09,7.629074e-07,1.187727e-17,0.312000,289100
412,1.089868e-09,7.629074e-07,1.187727e-17,0.313000,289800
413,1.089868e-09,7.629074e-07,1.187727e-17,0.314000,290500
414,1.089868e-09,7.629074e-07,1.187727e-17,0.314000,291200
415,1.089868e-09,7.629074e-07,1.187727e-17,0.315000,291900
416,1.089868e-09,7.629074e-07,1.187727e-17,0.316000,292600
417,1.089868e-09,7.629074e-07,1.187727e-17,0.316000,293300
418,1.089868e-09,7.629074e-07,1.187727e-17,0.317000,294000
419,1.089868e-09,7.629074e-07,1.187727e-17,0.318000,294700
420,1.089868e-09,7.629074e-07,1.187727e-17,0.319000,295400
421,1.089868e-09,7.629074e-07,1.187727e-17,0.319000,296100
422,1.089868e-09,7.629074e-07,1.187727e-17,0.320000,296800
423,1.089868e-09,7.629074e-07,1.187727e-17,0.321000,297500
424,1.089868e-09,7.629074e-07,1.187727e-17,0.321000,298200
425,1.089868e-09,7.629074e-07,1.187727e-17,0.322000,298900
426,1.089868e-09,7.629074e-07,1.187727e-17,0.323000,299600
427,1.089868e-09,7.629074e-07,1.187727e-17,0.324000,300300
428,1.089868e-09,7.629074e-07,1.187727e-17,0.324000,301000
429,1.089868e-09,7.629074e-07,1.187727e-17,0.325000,301700
430,1.089868e-09,7.629074e-07,1.187727e-17,0.326000,302400
431,1.089868e-09,7.629074e-07,1.187727e-17,0.326000,303100
432,1.089868e-09,7.629074e-07,1.187727e-17,0.327000,303800
433,1.089868e-09,7.629074e-07,1.187727e-17,0.328000,304500
434,1.089868e-09,7.629074e-07,1.187727e-17,0.328000,305200
435,1.089868e-09,7.629074e-07,1.187727e-17,0.329000,305900
436,1.089868e-09,7.629074e-07,1.187727e-17,0.330000,306600
437,1.089868e-09,7.629074e-07,1.187727e-17,0.331000,307300
438,1.089868e-09,7.629074e-07,1.187727e-17,0.331000,308000
439,1.089868e-09,7.629074e-07,1.187727e-17,0.332000,308700
440,1.089868e-09,7.629074e-07,1.187727e-17,0.333000,309400
441,1.089868e-09,7.629074e-07,1.187727e-17,0.333000,310100
442,1.089868e-09,7.629074e-07,1.187727e-17,0.334000,310800
443,1.089868e-09,7.629074e-07,1.187727e-17,0.335000,311500
444,1.089868e-09,7.629074e-07,1.187727e-17,0.335000,312200
445,1.089868e-09,7.629074e-07,1.187727e-17,0.336000,312900
446,1.089868e-09,7.629074e-07,1.187727e-17,0.337000,313600
447,1.089868e-09,7.629074e-07,1.187727e-17,0.338000,314300
448,1.089868e-09,7.629074e-07,1.187727e-17,0.338000,315000
449,1.089868e-09,7.629074e-07,1.187727e-17,0.339000,315700
450,1.089868e-09,7.629074e-07,1.187727e-17,0.340000,316400
451,1.089868e-09,7.629074e-07,1.187727e-17,0.340000,317100
452,1.089868e-09,7.629074e-07,1.187727e-17,0.341000,317800
453,1.089868e-09,7.629074e-07,1.187727e-17,0.342000,318500
454,1.089868e-09,7.629074e-07,1.187727e-17,0.342000,319200
455,4.843841e-10,7.623019e-07,2.288513e-11,0.343000,319900
456,4.843841e-10,7.623019e-07,2.288513e-11,0.344000,320600
457,4.843841e-10,7.616965e-07,3.234130e-11,0.345000,321300
458,4.843841e-10,7.610910e-07,3.958146e-11,0.346000,322000
459,4.843841e-10,7.598800e-07,5.102608e-11,0.346000,322700
460,4.843841e-10,7.550361e-07,8.180218e-11,0.347000,323400
461,4.843841e-10,7.483758e-07,1.102539e-10,0.348000,324100
462,4.843841e-10,7.380826e-07,1.422818e-10,0.349000,324800
463,4.843841e-10,7.168907e-07,1.885011e-10,0.350000,325500
464,4.843841e-10,6.805616e-07,2.397308e-10,0.350000,326200
465,4.843841e-10,6.133530e-07,2.895426e-10,0.351000,326900
466,4.843841e-10,5.067878e-07,2.962954e-10,0.352000,327600
467,4.843841e-10,4.093050e-07,2.252943e-10,0.352000,328300
468,4.843841e-10,3.493621e-07,9.327164e-11,0.353000,329000
469,4.843841e-10,3.396743e-07,2.288513e-11,0.354000,329700
470,4.843841e-10,3.390689e-07,0.000000e+00,0.354000,330400
471,4.843841e-10,3.390689e-07,0.000000e+00,0.355000,331100
472,4.843841e-10,3.390689e-07,0.000000e+00,0.356000,331800
473,4.843841e-10,3.390689e-07,0.000000e+00,0.356000,332500
474,4.843841e-10,3.390689e-07,0.000000e+00,0.357000,333200
475,4.843841e-10,3.390689e-07,0.000000e+00,0.358000,333900
476,4.843841e-10,3.390689e-07,0.000000e+00,0.359000,334600
477,4.843841e-10,3.390689e-07,0.000000e+00,0.360000,335300
478,4.843841e-10,3.390689e-07,0.000000e+00,0.361000,336000
479,4.843841e-10,3.390689e-07,0.000000e+00,0.361000,336700
480,4.843841e-10,3.390689e-07,0.000000e+00,0.362000,337400
481,4.843841e-10,3.390689e-07,0.000000e+00,0.363000,338100
482,4.843841e-10,3.390689e-07,0.000000e+00,0.363000,338800
483,4.843841e-10,3.390689e-07,0.000000e+00,0.364000,339500
484,4.843841e-10,3.390689e-07,0.000000e+00,0.365000,340200
485,4.843841e-10,3.390689e-07,0.000000e+00,0.365000,340900
486,4.843841e-10,3.390689e-07,0.000000e+00,0.366000,341600
487,4.843841e-10,3.390689e-07,0.000000e+00,0.367000,342300
488,4.843841e-10,3.390689e-07,0.000000e+00,0.368000,343000
489,4.843841e-10,3.390689e-07,0.000000e+00,0.368000,343700
490,4.843841e-10,3.390689e-07,0.000000e+00,0.369000,344400
491,4.843841e-10,3.390689e-07,0.000000e+00,0.370000,345100
492,4.843841e-10,3.390689e-07,0.000000e+00,0.371000,345800
493,4.843841e-10,3.390689e-07,0.000000e+00,0.371000,346500
494,4.843841e-10,3.390689e-07,0.000000e+00,0.372000,347200
495,4.843841e-10,3.390689e-07,0.000000e+00,0.373000,347900
496,4.843841e-10,3.390689e-07,0.000000e+00,0.373000,348600
497,4.843841e-10,3.390689e-07,0.000000e+00,0.374000,349300
498,4.843841e-10,3.390689e-07,0.000000e+00,0.375000,350000
499,4.843841e-10,3.390689e-07,0.000000e+00,0.375000,350700
500,4.843841e-10,3.390689e-07,0.000000e+00,0.376000,351400
501,4.843841e-10,3.390689e-07,0.000000e+00,0.377000,352100
502,4.843841e-10,3.390689e-07,0.000000e+00,0.378000,352800
503,4.843841e-10,3.390689e-07,0.000000e+00,0.378000,353500
504,4.843841e-10,3.390689e-07,0.000000e+00,0.379000,354200
505,4.843841e-10,3.390689e-07,0.000000e+00,0.380000,354900
506,4.843841e-10,3.390689e-07,0.000000e+00,0.380000,355600
507,4.843841e-10,3.390689e-07,0.000000e+00,0.381000,356300
508,4.843841e-10,3.390689e-07,0.000000e+00,0.382000,357000
509,4.843841e-10,3.390689e-07,0.000000e+00,0.382000,357700
510,4.843841e-10,3.390689e-07,0.000000e+00,0.383000,358400
511,4.843841e-10,3.390689e-07,0.000000e+00,0.384000,359100
512,4.843841e-10,3.390689e-07,0.000000e+00,0.384000,359800
513,4.843841e-10,3.390689e-07,0.000000e+00,0.385000,360500
514,4.843841e-10,3.390689e-07,0.000000e+00,0.386000,361200
515,4.843841e-10,3.390689e-07,0.000000e+00,0.386000,361900
516,4.843841e-10,3.390689e-07,0.000000e+00,0.387000,362600
517,4.843841e-10,3.390689e-07,0.000000e+00,0.388000,363300
518,4.843841e-10,3.390689e-07,0.000000e+00,0.389000,364000
519,4.843841e-10,3.390689e-07,0.000000e+00,0.390000,364700
520,4.843841e-10,3.390689e-07,0.000000e+00,0.390000,365400
521,4.843841e-10,3.390689e-07,0.000000e+00,0.391000,366100
522,4.843841e-10,3.390689e-07,0.000000e+00,0.392000,366800
523,4.843841e-10,3.390689e-07,0.000000e+00,0.392000,367500
524,4.843841e-10,3.390689e-07,0.000000e+00,0.393000,368200
525,4.843841e-10,3.390689e-07,0.000000e+00,0.394000,368900
526,4.843841e-10,3.390689e-07,0.000000e+00,0.394000,369600
527,4.843841e-10,3.390689e-07,0.000000e+00,0.395000,370300
528,4.843841e-10,3.390689e-07,0.000000e+00,0.396000,371000
529,4.843841e-10,3.390689e-07,0.000000e+00,0.397000,371700
530,4.843841e-10,3.390689e-07,0.000000e+00,0.397000,372400
531,4.843841e-10,3.390689e-07,0.000000e+00,0.398000,373100
532,4.843841e-10,3.390689e-07,0.000000e+00,0.399000,373800
533,4.843841e-10,3.390689e-07,0.000000e+00,0.399000,374500
534,4.843841e-10,3.390689e-07,0.000000e+00,0.400000,375200
535,4.843841e-10,3.390689e-07,0.000000e+00,0.401000,375900
536,4.843841e-10,3.390689e-07,0.000000e+00,0.402000,376600
537,4.843841e-10,3.390689e-07,0.000000e+00,0.402000,377300
538,4.843841e-10,3.390689e-07,0.000000e+00,0.403000,378000
539,4.843841e-10,3.390689e-07,0.000000e+00,0.404000,378700
540,4.843841e-10,3.390689e-07,0.000000e+00,0.405000,379400
541,4.843841e-10,3.390689e-07,0.000000e+00,0.405000,380100
542,4.843841e-10,3.390689e-07,0.000000e+00,0.406000,380800
543,4.843841e-10,3.390689e-07,0.000000e+00,0.407000,381500
544,4.843841e-10,3.390689e-07,0.000000e+00,0.408000,382200
545,4.843841e-10,3.390689e-07,0.000000e+00,0.409000,382900
546,4.843841e-10,3.390689e-07,0.000000e+00,0.409000,383600
547,4.843841e-10,3.390689e-07,0.000000e+00,0.410000,384300
548,4.843841e-10,3.390689e-07,0.000000e+00,0.411000,385000
549,4.843841e-10,3.390689e-07,0.000000e+00,0.411000,385700
550,4.843841e-10,3.390689e-07,0.000000e+00,0.412000,386400
551,4.843841e-10,3.390689e-07,0.000000e+00,0.413000,387100
552,4.843841e-10,3.390689e-07,0.000000e+00,0.413000,387800
553,4.843841e-10,3.390689e-07,0.000000e+00,0.414000,388500
554,4.843841e-10,3.390689e-07,0.000000e+00,0.415000,389200
555,4.843841e-10,3.390689e-07,0.000000e+00,0.415000,389900
556,4.843841e-10,3.390689e-07,0.000000e+00,0.416000,390600
557,4.843841e-10,3.390689e-07,0.000000e+00,0.417000,391300
558,4.843841e-10,3.390689e-07,0.000000e+00,0.417000,392000
559,4.843841e-10,3.390689e-07,0.000000e+00,0.418000,392700
560,4.843841e-10,3.390689e-07,0.000000e+00,0.419000,393400
561,4.843841e-10,3.390689e-07,0.000000e+00,0.420000,394100
562,4.843841e-10,3.390689e-07,0.000000e+00,0.420000,394800
563,4.843841e-10,3.390689e-07,0.000000e+00,0.421000,395500
564,4.843841e-10,3.390689e-07,0.000000e+00,0.422000,396200
565,4.843841e-10,3.390689e-07,0.000000e+00,0.423000,396900
566,4.843841e-10,3.390689e-07,0.000000e+00,0.423000,397600
567,4.843841e-10,3.390689e-07,0.000000e+00,0.424000,398300
568,4.843841e-10,3.390689e-07,0.000000e+00,0.425000,399000
569,4.843841e-10,3.390689e-07,0.000000e+00,0.425000,399700
570,4.843841e-10,3.390689e-07,0.000000e+00,0.426000,400400
571,4.843841e-10,3.390689e-07,0.000000e+00,0.427000,401100
572,4.843841e-10,3.390689e-07,0.000000e+00,0.428000,401800
573,4.843841e-10,3.390689e-07,0.000000e+00,0.428000,402500
574,4.843841e-10,3.390689e-07,0.000000e+00,0.429000,403200
575,4.843841e-10,3.390689e-07,0.000000e+00,0.430000,403900
576,4.843841e-10,3.390689e-07,0.000000e+00,0.430000,404600
577,4.843841e-10,3.390689e-07,0.000000e+00,0.431000,405300
578,4.843841e-10,3.390689e-07,0.000000e+00,0.432000,406000
579,4.843841e-10,3.390689e-07,0.000000e+00,0.432000,406700
580,4.843841e-10,3.390689e-07,0.000000e+00,0.433000,407400
581,4.843841e-10,3.390689e-07,0.000000e+00,0.434000,408100
582,4.843841e-10,3.390689e-07,0.000000e+00,0.434000,408800
583,4.843841e-10,3.390689e-07,0.000000e+00,0.435000,409500
584,4.843841e-10,3.390689e-07,0.000000e+00,0.436000,410200
585,4.843841e-10,3.390689e-07,0.000000e+00,0.436000,410900
586,4.843841e-10,3.390689e-07,0.000000e+00,0.437000,411600
587,4.843841e-10,3.390689e-07,0.000000e+00,0.438000,412300
588,4.843841e-10,3.390689e-07,0.000000e+00,0.439000,413000
589,4.843841e-10,3.390689e-07,0.000000e+00,0.439000,413700
590,4.843841e-10,3.390689e-07,0.000000e+00,0.440000,414400
591,4.843841e-10,3.390689e-07,0.000000e+00,0.441000,415100
592,4.843841e-10,3.390689e-07,0.000000e+00,0.441000,415800
593,4.843841e-10,3.390689e-07,0.000000e+00,0.442000,416500
594,4.843841e-10,3.390689e-07,0.000000e+00,0.443000,417200
595,4.843841e-10,3.390689e-07,0.000000e+00,0.443000,417900
596,4.843841e-10,3.390689e-07,0.000000e+00,0.444000,418600
597,4.843841e-10,3.390689e-07,0.000000e+00,0.445000,419300
598,4.843841e-10,3.390689e-07,0.000000e+00,0.445000,420000
599,4.843841e-10,3.390689e-07,0.000000e+00,0.446000,420700
600,4.843841e-10,3.390689e-07,0.000000e+00,0.447000,421400
601,4.843841e-10,3.390689e-07,0.000000e+00,0.448000,422100
602,4.843841e-10,3.390689e-07,0.000000e+00,0.448000,422800
603,4.843841e-10,3.390689e-07,0.000000e+00,0.449000,423500
604,4.843841e-10,3.390689e-07,0.000000e+00,0.450000,424200
605,4.843841e-10,3.390689e-07,0.000000e+00,0.451000,424900
606,4.843841e-10,3.390689e-07,0.000000e+00,0.451000,425600
607,4.843841e-10,3.390689e-07,0.000000e+00,0.452000,426300
608,4.843841e-10,3.390689e-07,0.000000e+00,0.453000,427000
609,4.843841e-10,3.390689e-07,0.000000e+00,0.453000,427700
610,4.843841e-10,3.390689e-07,0.000000e+00,0.454000,428400
611,4.843841e-10,3.390689e-07,0.000000e+00,0.455000,429100
612,4.843841e-10,3.390689e-07,0.000000e+00,0.455000,429800
613,4.843841e-10,3.390689e-07,0.000000e+00,0.456000,430500
614,4.843841e-10,3.390689e-07,0.000000e+00,0.457000,431200
615,4.843841e-10,3.390689e-07,0.000000e+00,0.458000,431900
616,4.843841e-10,3.390689e-07,0.000000e+00,0.458000,432600
617,4.843841e-10,3.390689e-07,0.000000e+00,0.459000,433300
618,4.843841e-10,3.390689e-07,0.000000e+00,0.460000,434000
619,4.843841e-10,3.390689e-07,0.000000e+00,0.460000,434700
620,4.843841e-10,3.390689e-07,0.000000e+00,0.461000,435400
621,4.843841e-10,3.390689e-07,0.000000e+00,0.462000,436100
622,4.843841e-10,3.390689e-07,0.000000e+00,0.462000,436800
623,4.843841e-10,3.390689e-07,0.000000e+00,0.463000,437500
624,4.843841e-10,3.390689e-07,0.000000e+00,0.464000,438200
625,4.843841e-10,3.390689e-07,0.000000e+00,0.465000,438900
626,4.843841e-10,3.390689e-07,0.000000e+00,0.465000,439600
627,4.843841e-10,3.390689e-07,0.000000e+00,0.466000,440300
628,4.843841e-10,3.390689e-07,0.000000e+00,0.467000,441000
629,4.843841e-10,3.390689e-07,0.000000e+00,0.468000,441700
630,4.843841e-10,3.390689e-07,0.000000e+00,0.468000,442400
631,4.843841e-10,3.390689e-07,0.000000e+00,0.469000,443100
632,4.843841e-10,3.390689e-07,0.000000e+00,0.470000,443800
633,4.843841e-10,3.390689e-07,0.000000e+00,0.471000,444500
634,4.843841e-10,3.390689e-07,0.000000e+00,0.471000,445200
635,4.843841e-10,3.390689e-07,0.000000e+00,0.472000,445900
636,4.843841e-10,3.390689e-07,0.000000e+00,0.473000,446600
637,4.843841e-10,3.390689e-07,0.000000e+00,0.473000,447300
638,4.843841e-10,3.390689e-07,0.000000e+00,0.474000,448000
639,4.843841e-10,3.390689e-07,0.000000e+00,0.475000,448700
640,4.843841e-10,3.390689e-07,0.000000e+00,0.475000,449400
641,4.843841e-10,3.390689e-07,0.000000e+00,0.476000,450100
642,4.843841e-10,3.390689e-07,0.000000e+00,0.477000,450800
643,4.843841e-10,3.390689e-07,0.000000e+00,0.478000,451500
644,4.843841e-10,3.390689e-07,0.000000e+00,0.478000,452200
645,4.843841e-10,3.390689e-07,0.000000e+00,0.479000,452900
646,4.843841e-10,3.390689e-07,0.000000e+00,0.480000,453600
647,4.843841e-10,3.390689e-07,0.000000e+00,0.480000,454300
648,4.843841e-10,3.390689e-07,0.000000e+00,0.481000,455000
649,4.843841e-10,3.390689e-07,0.000000e+00,0.482000,455700
650,4.843841e-10,3.390689e-07,0.000000e+00,0.482000,456400
651,4.843841e-10,3.390689e-07,0.000000e+00,0.483000,457100
652,4.843841e-10,3.390689e-07,0.000000e+00,0.484000,457800
653,4.843841e-10,3.390689e-07,0.000000e+00,0.485000,458500
654,4.843841e-10,3.390689e-07,0.000000e+00,0.486000,459200
655,4.843841e-10,3.390689e-07,0.000000e+00,0.486000,459900
656,4.843841e-10,3.390689e-07,0.000000e+00,0.487000,460600
657,4.843841e-10,3.390689e-07,0.000000e+00,0.488000,461300
658,4.843841e-10,3.390689e-07,0.000000e+00,0.489000,462000
659,4.843841e-10,3.390689e-07,0.000000e+00,0.489000,462700
660,4.843841e-10,3.390689e-07,0.000000e+00,0.490000,463400
661,4.843841e-10,3.390689e-07,0.000000e+00,0.491000,464100
662,4.843841e-10,3.390689e-07,0.000000e+00,0.491000,464800
663,4.843841e-10,3.390689e-07,0.000000e+00,0.492000,465500
664,4.843841e-10,3.390689e-07,0.000000e+00,0.493000,466200
665,4.843841e-10,3.390689e-07,0.000000e+00,0.493000,466900
666,4.843841e-10,3.390689e-07,0.000000e+00,0.494000,467600
667,4.843841e-10,3.390689e-07,0.000000e+00,0.495000,468300
668,4.843841e-10,3.390689e-07,0.000000e+00,0.495000,469000
669,4.843841e-10,3.390689e-07,0.000000e+00,0.496000,469700
670,4.843841e-10,3.390689e-07,0.000000e+00,0.497000,470400
671,4.843841e-10,3.390689e-07,0.000000e+00,0.498000,471100
672,4.843841e-10,3.390689e-07,0.000000e+00,0.499000,471800
673,4.843841e-10,3.390689e-07,0.000000e+00,0.499000,472500
674,4.843841e-10,3.390689e-07,0.000000e+00,0.500000,473200
675,4.843841e-10,3.390689e-07,0.000000e+00,0.501000,473900
676,4.843841e-10,3.390689e-07,0.000000e+00,0.501000,474600
677,4.843841e-10,3.390689e-07,0.000000e+00,0.502000,475300
678,4.843841e-10,3.390689e-07,0.000000e+00,0.503000,476000
679,4.843841e-10,3.390689e-07,0.000000e+00,0.504000,476700
680,4.843841e-10,3.390689e-07,0.000000e+00,0.504000,477400
681,4.843841e-10,3.390689e-07,0.000000e+00,0.505000,478100
682,4.843841e-10,3.390689e-07,0.000000e+00,0.506000,478800
683,4.843841e-10,3.390689e-07,0.000000e+00,0.506000,479500
684,4.843841e-10,3.390689e-07,0.000000e+00,0.507000,480200
685,4.843841e-10,3.390689e-07,0.000000e+00,0.508000,480900
686,4.843841e-10,3.390689e-07,0.000000e+00,0.509000,481600
687,4.843841e-10,3.390689e-07,0.000000e+00,0.509000,482300
688,4.843841e-10,3.390689e-07,0.000000e+00,0.510000,483000
689,4.843841e-10,3.390689e-07,0.000000e+00,0.511000,483700
690,4.843841e-10,3.390689e-07,0.000000e+00,0.511000,484400
691,4.843841e-10,3.390689e-07,0.000000e+00,0.512000,485100
692,4.843841e-10,3.390689e-07,0.000000e+00,0.513000,485800
693,4.843841e-10,3.390689e-07,0.000000e+00,0.514000,486500
694,4.843841e-10,3.390689e-07,0.000000e+00,0.514000,487200
695,4.843841e-10,3.390689e-07,0.000000e+00,0.515000,487900
696,4.843841e-10,3.390689e-07,0.000000e+00,0.516000,488600
697,4.843841e-10,3.390689e-07,0.000000e+00,0.516000,489300
698,4.843841e-10,3.390689e-07,0.000000e+00,0.517000,490000
699,4.843841e-10,3.390689e-07,0.000000e+00,0.518000,490700
700,4.843841e-10,3.390689e-07,0.000000e+00,0.518000,491400
701,4.843841e-10,3.390689e-07,0.000000e+00,0.519000,492100
702,4.843841e-10,3.390689e-07,0.000000e+00,0.520000,492800
703,4.843841e-10,3.390689e-07,0.000000e+00,0.520000,493500
704,4.843841e-10,3.390689e-07,0.000000e+00,0.521000,494200
705,4.843841e-10,3.390689e-07,0.000000e+00,0.522000,494900
706,4.843841e-10,3.390689e-07,0.000000e+00,0.523000,495600
707,4.843841e-10,3.390689e-07,0.000000e+00,0.523000,496300
708,4.843841e-10,3.390689e-07,0.000000e+00,0.524000,497000
709,4.843841e-10,3.390689e-07,0.000000e+00,0.525000,497700
710,4.843841e-10,3.390689e-07,0.000000e+00,0.526000,498400
711,4.843841e-10,3.390689e-07,0.000000e+00,0.526000,499100
712,4.843841e-10,3.390689e-07,0.000000e+00,0.527000,499800
713,4.843841e-10,3.390689e-07,0.000000e+00,0.528000,500500
714,4.843841e-10,3.390689e-07,0.000000e+00,0.529000,501200
715,4.843841e-10,3.390689e-07,0.000000e+00,0.529000,501900
716,4.843841e-10,3.390689e-07,0.000000e+00,0.530000,502600
717,4.843841e-10,3.390689e-07,0.000000e+00,0.531000,503300
718,4.843841e-10,3.390689e-07,0.000000e+00,0.532000,504000
719,4.843841e-10,3.390689e-07,0.000000e+00,0.533000,504700
720,4.843841e-10,3.390689e-07,0.000000e+00,0.533000,505400
721,4.843841e-10,3.390689e-07,0.000000e+00,0.534000,506100
722,4.843841e-10,3.390689e-07,0.000000e+00,0.535000,506800
723,4.843841e-10,3.390689e-07,0.000000e+00,0.535000,507500
724,4.843841e-10,3.390689e-07,0.000000e+00,0.536000,508200
725,4.843841e-10,3.390689e-07,0.000000e+00,0.537000,508900
726,4.843841e-10,3.390689e-07,0.000000e+00,0.537000,509600
727,4.843841e-10,3.390689e-07,0.000000e+00,0.538000,510300
728,4.843841e-10,3.390689e-07,0.000000e+00,0.539000,511000
729,4.843841e-10,3.390689e-07,0.000000e+00,0.539000,511700
730,4.843841e-10,3.390689e-07,0.000000e+00,0.540000,512400
731,4.843841e-10,3.390689e-07,0.000000e+00,0.541000,513100
732,4.843841e-10,3.390689e-07,0.000000e+00,0.541000,513800
733,4.843841e-10,3.390689e-07,0.000000e+00,0.542000,514500
734,4.843841e-10,3.390689e-07,0.000000e+00,0.543000,515200
735,4.843841e-10,3.390689e-07,0.000000e+00,0.543000,515900
736,4.843841e-10,3.390689e-07,0.000000e+00,0.544000,516600
737,4.843841e-10,3.390689e-07,0.000000e+00,0.545000,517300
738,4.843841e-10,3.390689e-07,0.000000e+00,0.546000,518000
739,4.843841e-10,3.390689e-07,0.000000e+00,0.546000,518700
740,4.843841e-10,3.390689e-07,0.000000e+00,0.547000,519400
741,4.843841e-10,3.390689e-07,0.000000e+00,0.548000,520100
742,4.843841e-10,3.390689e-07,0.000000e+00,0.549000,520800
743,4.843841e-10,3.390689e-07,0.000000e+00,0.550000,521500
744,4.843841e-10,3.390689e-07,0.000000e+00,0.550000,522200
745,4.843841e-10,3.390689e-07,0.000000e+00,0.551000,522900
746,4.843841e-10,3.390689e-07,0.000000e+00,0.552000,523600
747,4.843841e-10,3.390689e-07,0.000000e+00,0.552000,524300
748,4.843841e-10,3.390689e-07,0.000000e+00,0.553000,525000
749,4.843841e-10,3.390689e-07,0.000000e+00,0.554000,525700
750,4.843841e-10,3.390689e-07,0.000000e+00,0.555000,526400
751,4.843841e-10,3.390689e-07,0.000000e+00,0.555000,527100
752,4.843841e-10,3.390689e-07,0.000000e+00,0.556000,527800
753,4.843841e-10,3.390689e-07,0.000000e+00,0.557000,528500
754,4.843841e-10,3.390689e-07,0.000000e+00,0.557000,529200
755,4.843841e-10,3.390689e-07,0.000000e+00,0.558000,529900
756,4.843841e-10,3.390689e-07,0.000000e+00,0.559000,530600
757,4.843841e-10,3.390689e-07,0.000000e+00,0.559000,531300
758,4.843841e-10,3.390689e-07,0.000000e+00,0.560000,532000
759,4.843841e-10,3.390689e-07,0.000000e+00,0.561000,532700
760,4.843841e-10,3.390689e-07,0.000000e+00,0.562000,533400
761,4.843841e-10,3.390689e-07,0.000000e+00,0.562000,534100
762,4.843841e-10,3.390689e-07,0.000000e+00,0.563000,534800
763,4.843841e-10,3.390689e-07,0.000000e+00,0.564000,535500
764,4.843841e-10,3.390689e-07,0.000000e+00,0.564000,536200
765,4.843841e-10,3.390689e-07,0.000000e+00,0.565000,536900
766,4.843841e-10,3.390689e-07,0.000000e+00,0.566000,537600
767,4.843841e-10,3.390689e-07,0.000000e+00,0.567000,538300
768,4.843841e-10,3.390689e-07,0.000000e+00,0.567000,539000
769,4.843841e-10,3.390689e-07,0.000000e+00,0.568000,539700
770,4.843841e-10,3.390689e-07,0.000000e+00,0.569000,540400
771,4.843841e-10,3.390689e-07,0.000000e+00,0.570000,541100
772,4.843841e-10,3.390689e-07,0.000000e+00,0.570000,541800
773,4.843841e-10,3.390689e-07,0.000000e+00,0.571000,542500
774,4.843841e-10,3.390689e-07,0.000000e+00,0.572000,543200
775,4.843841e-10,3.390689e-07,0.000000e+00,0.572000,543900
776,4.843841e-10,3.390689e-07,0.000000e+00,0.573000,544600
777,4.843841e-10,3.390689e-07,0.000000e+00,0.574000,545300
778,4.843841e-10,3.390689e-07,0.000000e+00,0.574000,546000
779,4.843841e-10,3.390689e-07,0.000000e+00,0.575000,546700
780,4.843841e-10,3.390689e-07,0.000000e+00,0.576000,547400
781,4.843841e-10,3.390689e-07,0.000000e+00,0.577000,548100
782,4.843841e-10,3.390689e-07,0.000000e+00,0.578000,548800
783,4.843841e-10,3.390689e-07,0.000000e+00,0.578000,549500
784,4.843841e-10,3.390689e-07,0.000000e+00,0.579000,550200
785,4.843841e-10,3.390689e-07,0.000000e+00,0.580000,550900
786,4.843841e-10,3.390689e-07,0.000000e+00,0.580000,551600
787,4.843841e-10,3.390689e-07,0.000000e+00,0.581000,552300
788,4.843841e-10,3.390689e-07,0.000000e+00,0.582000,553000
789,4.843841e-10,3.390689e-07,0.000000e+00,0.582000,553700
790,4.843841e-10,3.390689e-07,0.000000e+00,0.583000,554400
791,4.843841e-10,3.390689e-07,0.000000e+00,0.584000,555100
792,4.843841e-10,3.390689e-07,0.000000e+00,0.584000,555800
793,4.843841e-10,3.390689e-07,0.000000e+00,0.585000,556500
794,4.843841e-10,3.390689e-07,0.000000e+00,0.586000,557200
795,4.843841e-10,3.390689e-07,0.000000e+00,0.587000,557900
796,4.843841e-10,3.390689e-07,0.000000e+00,0.587000,558600
797,4.843841e-10,3.390689e-07,0.000000e+00,0.588000,559300
798,4.843841e-10,3.390689e-07,0.000000e+00,0.589000,560000
799,4.843841e-10,3.390689e-07,0.000000e+00,0.590000,560700
800,4.843841e-10,3.390689e-07,0.000000e+00,0.590000,561400
801,4.843841e-10,3.390689e-07,0.000000e+00,0.591000,562100
802,4.843841e-10,3.390689e-07,0.000000e+00,0.592000,562800
803,4.843841e-10,3.390689e-07,0.000000e+00,0.593000,563500
804,4.843841e-10,3.390689e-07,0.000000e+00,0.594000,564200
805,4.843841e-10,3.390689e-07,0.000000e+00,0.595000,564900
806,4.843841e-10,3.390689e-07,0.000000e+00,0.595000,565600
807,4.843841e-10,3.390689e-07,0.000000e+00,0.596000,566300
808,4.843841e-10,3.390689e-07,0.000000e+00,0.597000,567000
809,4.843841e-10,3.390689e-07,0.000000e+00,0.598000,567700
810,4.843841e-10,3.390689e-07,0.000000e+00,0.599000,568400
811,4.843841e-10,3.390689e-07,0.000000e+00,0.600000,569100
812,4.843841e-10,3.390689e-07,0.000000e+00,0.601000,569800
813,4.843841e-10,3.390689e-07,0.000000e+00,0.602000,570500
814,4.843841e-10,3.390689e-07,0.000000e+00,0.603000,571200
815,4.843841e-10,3.390689e-07,0.000000e+00,0.604000,571900
816,4.843841e-10,3.390689e-07,0.000000e+00,0.604000,572600
817,4.843841e-10,3.390689e-07,0.000000e+00,0.605000,573300
818,4.843841e-10,3.390689e-07,0.000000e+00,0.606000,574000
819,4.843841e-10,3.390689e-07,0.000000e+00,0.606000,574700
820,4.843841e-10,3.390689e-07,0.000000e+00,0.607000,575400
821,4.843841e-10,3.390689e-07,0.000000e+00,0.608000,576100
822,4.843841e-10,3.390689e-07,0.000000e+00,0.609000,576800
823,4.843841e-10,3.390689e-07,0.000000e+00,0.610000,577500
824,4.843841e-10,3.390689e-07,0.000000e+00,0.610000,578200
825,4.843841e-10,3.390689e-07,0.000000e+00,0.611000,578900
826,4.843841e-10,3.390689e-07,0.000000e+00,0.612000,579600
827,4.843841e-10,3.390689e-07,0.000000e+00,0.612000,580300
828,4.843841e-10,3.390689e-07,0.000000e+00,0.613000,581000
829,4.843841e-10,3.390689e-07,0.000000e+00,0.614000,581700
830,4.843841e-10,3.390689e-07,0.000000e+00,0.614000,582400
831,4.843841e-10,3.390689e-07,0.000000e+00,0.615000,583100
832,4.843841e-10,3.390689e-07,0.000000e+00,0.616000,583800
833,4.843841e-10,3.390689e-07,0.000000e+00,0.617000,584500
834,4.843841e-10,3.390689e-07,0.000000e+00,0.617000,585200
835,4.843841e-10,3.390689e-07,0.000000e+00,0.618000,585900
836,4.843841e-10,3.390689e-07,0.000000e+00,0.619000,586600
837,4.843841e-10,3.390689e-07,0.000000e+00,0.620000,587300
838,4.843841e-10,3.390689e-07,0.000000e+00,0.621000,588000
839,4.843841e-10,3.390689e-07,0.000000e+00,0.622000,588700
840,4.843841e-10,3.390689e-07,0.000000e+00,0.623000,589400
841,4.843841e-10,3.390689e-07,0.000000e+00,0.624000,590100
842,4.843841e-10,3.390689e-07,0.000000e+00,0.625000,590800
843,4.843841e-10,3.390689e-07,0.000000e+00,0.626000,591500
844,4.843841e-10,3.390689e-07,0.000000e+00,0.626000,592200
845,4.843841e-10,3.390689e-07,0.000000e+00,0.627000,592900
846,4.843841e-10,3.390689e-07,0.000000e+00,0.628000,593600
847,4.843841e-10,3.390689e-07,0.000000e+00,0.629000,594300
848,4.843841e-10,3.390689e-07,0.000000e+00,0.631000,595000
849,4.843841e-10,3.390689e-07,0.000000e+00,0.632000,595700
850,4.843841e-10,3.390689e-07,0.000000e+00,0.633000,596400
851,4.843841e-10,3.390689e-07,0.000000e+00,0.633000,597100
852,4.843841e-10,3.390689e-07,0.000000e+00,0.634000,597800
853,4.843841e-10,3.390689e-07,0.000000e+00,0.635000,598500
854,4.843841e-10,3.390689e-07,0.000000e+00,0.635000,599200
855,4.843841e-10,3.390689e-07,0.000000e+00,0.636000,599900
856,4.843841e-10,3.390689e-07,0.000000e+00,0.638000,600600
857,4.843841e-10,3.390689e-07,0.000000e+00,0.639000,601300
858,4.843841e-10,3.390689e-07,0.000000e+00,0.640000,602000
859,4.843841e-10,3.390689e-07,0.000000e+00,0.641000,602700
860,4.843841e-10,3.390689e-07,0.000000e+00,0.642000,603400
861,4.843841e-10,3.390689e-07,0.000000e+00,0.642000,604100
862,4.843841e-10,3.390689e-07,0.000000e+00,0.644000,604800
863,4.843841e-10,3.390689e-07,0.000000e+00,0.645000,605500
864,4.843841e-10,3.390689e-07,0.000000e+00,0.646000,606200
865,4.843841e-10,3.390689e-07,0.000000e+00,0.647000,606900
866,4.843841e-10,3.390689e-07,0.000000e+00,0.647000,607600
867,4.843841e-10,3.390689e-07,0.000000e+00,0.648000,608300
868,4.843841e-10,3.390689e-07,0.000000e+00,0.649000,609000
869,4.843841e-10,3.390689e-07,0.000000e+00,0.649000,609700
870,4.843841e-10,3.390689e-07,0.000000e+00,0.650000,610400
871,4.843841e-10,3.390689e-07,0.000000e+00,0.651000,611100
872,4.843841e-10,3.390689e-07,0.000000e+00,0.652000,611800
873,4.843841e-10,3.390689e-07,0.000000e+00,0.652000,612500
874,4.843841e-10,3.390689e-07,0.000000e+00,0.653000,613200
875,4.843841e-10,3.390689e-07,0.000000e+00,0.654000,613900
876,4.843841e-10,3.390689e-07,0.000000e+00,0.655000,614600
877,4.843841e-10,3.390689e-07,0.000000e+00,0.655000,615300
878,4.843841e-10,3.390689e-07,0.000000e+00,0.656000,616000
879,4.843841e-10,3.390689e-07,0.000000e+00,0.657000,616700
880,4.843841e-10,3.390689e-07,0.000000e+00,0.658000,617400
881,4.843841e-10,3.390689e-07,0.000000e+00,0.659000,618100
882,4.843841e-10,3.390689e-07,0.000000e+00,0.659000,618800
883,4.843841e-10,3.390689e-07,0.000000e+00,0.660000,619500
884,4.843841e-10,3.390689e-07,0.000000e+00,0.661000,620200
885,4.843841e-10,3.390689e-07,0.000000e+00,0.661000,620900
886,4.843841e-10,3.390689e-07,0.000000e+00,0.662000,621600
887,4.843841e-10,3.390689e-07,0.000000e+00,0.663000,622300
888,4.843841e-10,3.390689e-07,0.000000e+00,0.664000,623000
889,4.843841e-10,3.390689e-07,0.000000e+00,0.665000,623700
890,4.843841e-10,3.390689e-07,0.000000e+00,0.666000,624400
891,4.843841e-10,3.390689e-07,0.000000e+00,0.666000,625100
892,4.843841e-10,3.390689e-07,0.000000e+00,0.667000,625800
893,4.843841e-10,3.390689e-07,0.000000e+00,0.668000,626500
894,4.843841e-10,3.390689e-07,0.000000e+00,0.669000,627200
895,4.843841e-10,3.390689e-07,0.000000e+00,0.670000,627900
896,4.843841e-10,3.390689e-07,0.000000e+00,0.671000,628600
897,4.843841e-10,3.390689e-07,0.000000e+00,0.672000,629300
898,4.843841e-10,3.390689e-07,0.000000e+00,0.672000,630000
899,4.843841e-10,3.390689e-07,0.000000e+00,0.673000,630700
900,4.843841e-10,3.390689e-07,0.000000e+00,0.674000,631400
901,4.843841e-10,3.390689e-07,0.000000e+00,0.675000,632100
902,4.843841e-10,3.390689e-07,0.000000e+00,0.675000,632800
903,4.843841e-10,3.390689e-07,0.000000e+00,0.676000,633500
904,4.843841e-10,3.390689e-07,0.000000e+00,0.677000,634200
905,4.843841e-10,3.390689e-07,0.000000e+00,0.677000,634900
906,4.843841e-10,3.390689e-07,0.000000e+00,0.679000,635600
907,4.843841e-10,3.390689e-07,0.000000e+00,0.679000,636300
908,4.843841e-10,3.390689e-07,0.000000e+00,0.680000,637000
909,4.843841e-10,3.390689e-07,0.000000e+00,0.681000,637700
910,4.843841e-10,3.390689e-07,0.000000e+00,0.682000,638400
911,4.843841e-10,3.390689e-07,0.000000e+00,0.682000,639100
912,4.843841e-10,3.390689e-07,0.000000e+00,0.683000,639800
913,4.843841e-10,3.390689e-07,0.000000e+00,0.684000,640500
914,4.843841e-10,3.390689e-07,0.000000e+00,0.685000,641200
915,4.843841e-10,3.390689e-07,0.000000e+00,0.686000,641900
916,4.843841e-10,3.390689e-07,0.000000e+00,0.687000,642600
917,4.843841e-10,3.390689e-07,0.000000e+00,0.688000,643300
918,4.843841e-10,3.390689e-07,0.000000e+00,0.688000,644000
919,4.843841e-10,3.390689e-07,0.000000e+00,0.689000,644700
920,4.843841e-10,3.390689e-07,0.000000e+00,0.690000,645400
921,4.843841e-10,3.390689e-07,0.000000e+00,0.690000,646100
922,4.843841e-10,3.390689e-07,0.000000e+00,0.691000,646800
923,4.843841e-10,3.390689e-07,0.000000e+00,0.692000,647500
924,4.843841e-10,3.390689e-07,0.000000e+00,0.693000,648200
925,4.843841e-10,3.390689e-07,0.000000e+00,0.694000,648900
926,4.843841e-10,3.390689e-07,0.000000e+00,0.694000,649600
927,4.843841e-10,3.390689e-07,0.000000e+00,0.695000,650300
928,4.843841e-10,3.390689e-07,0.000000e+00,0.696000,651000
929,4.843841e-10,3.390689e-07,0.000000e+00,0.696000,651700
930,4.843841e-10,3.390689e-07,0.000000e+00,0.697000,652400
931,4.843841e-10,3.390689e-07,0.000000e+00,0.698000,653100
932,4.843841e-10,3.390689e-07,0.000000e+00,0.699000,653800
933,4.843841e-10,3.390689e-07,0.000000e+00,0.700000,654500
934,4.843841e-10,3.390689e-07,0.000000e+00,0.701000,655200
935,4.843841e-10,3.390689e-07,0.000000e+00,0.702000,655900
936,4.843841e-10,3.390689e-07,0.000000e+00,0.702000,656600
937,4.843841e-10,3.390689e-07,0.000000e+00,0.703000,657300
938,4.843841e-10,3.390689e-07,0.000000e+00,0.704000,658000
939,4.843841e-10,3.390689e-07,0.000000e+00,0.704000,658700
940,4.843841e-10,3.390689e-07,0.000000e+00,0.705000,659400
941,4.843841e-10,3.390689e-07,0.000000e+00,0.706000,660100
942,4.843841e-10,3.390689e-07,0.000000e+00,0.707000,660800
943,4.843841e-10,3.390689e-07,0.000000e+00,0.708000,661500
944,4.843841e-10,3.390689e-07,0.000000e+00,0.709000,662200
945,4.843841e-10,3.390689e-07,0.000000e+00,0.709000,662900
946,4.843841e-10,3.390689e-07,0.000000e+00,0.710000,663600
947,4.843841e-10,3.390689e-07,0.000000e+00,0.711000,664300
948,4.843841e-10,3.390689e-07,0.000000e+00,0.712000,665000
949,4.843841e-10,3.390689e-07,0.000000e+00,0.712000,665700
950,4.843841e-10,3.390689e-07,0.000000e+00,0.713000,666400
951,4.843841e-10,3.390689e-07,0.000000e+00,0.714000,667100
952,4.843841e-10,3.390689e-07,0.000000e+00,0.715000,667800
953,4.843841e-10,3.390689e-07,0.000000e+00,0.716000,668500
954,4.843841e-10,3.390689e-07,0.000000e+00,0.716000,669200
955,4.843841e-10,3.390689e-07,0.000000e+00,0.717000,669900
956,4.843841e-10,3.390689e-07,0.000000e+00,0.718000,670600
957,4.843841e-10,3.390689e-07,0.000000e+00,0.719000,671300
958,4.843841e-10,3.390689e-07,0.000000e+00,0.720000,672000
959,4.843841e-10,3.390689e-07,0.000000e+00,0.720000,672700
960,4.843841e-10,3.390689e-07,0.000000e+00,0.721000,673400
961,4.843841e-10,3.390689e-07,0.000000e+00,0.722000,674100
962,4.843841e-10,3.390689e-07,0.000000e+00,0.723000,674800
963,4.843841e-10,3.390689e-07,0.000000e+00,0.723000,675500
964,4.843841e-10,3.390689e-07,0.000000e+00,0.724000,676200
965,4.843841e-10,3.390689e-07,0.000000e+00,0.725000,676900
966,4.843841e-10,3.390689e-07,0.000000e+00,0.726000,677600
967,4.843841e-10,3.390689e-07,0.000000e+00,0.726000,678300
968,4.843841e-10,3.390689e-07,0.000000e+00,0.727000,679000
969,4.843841e-10,3.390689e-07,0.000000e+00,0.728000,679700
970,4.843841e-10,3.390689e-07,0.000000e+00,0.729000,680400
971,4.843841e-10,3.390689e-07,0.000000e+00,0.729000,681100
972,4.843841e-10,3.390689e-07,0.000000e+00,0.730000,681800
973,4.843841e-10,3.390689e-07,0.000000e+00,0.731000,682500
974,4.843841e-10,3.390689e-07,0.000000e+00,0.732000,683200
975,4.843841e-10,3.390689e-07,0.000000e+00,0.733000,683900
976,4.843841e-10,3.390689e-07,0.000000e+00,0.737000,684600
977,4.843841e-10,3.390689e-07,0.000000e+00,0.738000,685300
978,4.843841e-10,3.390689e-07,0.000000e+00,0.739000,686000
979,4.843841e-10,3.390689e-07,0.000000e+00,0.740000,686700
980,4.843841e-10,3.390689e-07,0.000000e+00,0.742000,687400
981,4.843841e-10,3.390689e-07,0.000000e+00,0.743000,688100
982,4.843841e-10,3.390689e-07,0.000000e+00,0.744000,688800
983,4.843841e-10,3.390689e-07,0.000000e+00,0.745000,689500
984,4.843841e-10,3.390689e-07,0.000000e+00,0.746000,690200
985,4.843841e-10,3.390689e-07,0.000000e+00,0.747000,690900
986,4.843841e-10,3.390689e-07,0.000000e+00,0.748000,691600
987,4.843841e-10,3.390689e-07,0.000000e+00,0.749000,692300
988,4.843841e-10,3.390689e-07,0.000000e+00,0.750000,693000
989,4.843841e-10,3.390689e-07,0.000000e+00,0.751000,693700
990,4.843841e-10,3.390689e-07,0.000000e+00,0.751000,694400
991,4.843841e-10,3.390689e-07,0.000000e+00,0.752000,695100
992,4.843841e-10,3.390689e-07,0.000000e+00,0.753000,695800
993,4.843841e-10,3.390689e-07,0.000000e+00,0.754000,696500
994,4.843841e-10,3.390689e-07,0.000000e+00,0.754000,697200
995,4.843841e-10,3.390689e-07,0.000000e+00,0.755000,697900
996,4.843841e-10,3.390689e-07,0.000000e+00,0.756000,698600
997,4.843841e-10,3.390689e-07,0.000000e+00,0.756000,699300
998,4.843841e-10,3.390689e-07,0.000000e+00,0.757000,700000
999,4.843841e-10,3.390689e-07,0.000000e+00,0.758000,700700


 HS simulation finished

Best Fitness=4.843841e-10,x[0]=0.000002|,