100
1000
1.700000|0.100000|0.100000|0.100000
160|3| 1
0,4.327836e-01,2.082695e+03,9.109352e+00,0.001000,200
1,1.566547e-01,2.129534e+03,9.926827e+00,0.001000,300
2,1.566547e-01,2.195403e+03,9.281154e+00,0.002000,400
3,4.106969e-03,1.894328e+03,1.072961e+01,0.002000,500
4,4.106969e-03,2.025257e+03,9.998639e+00,0.002000,600
5,4.106969e-03,1.614934e+03,9.757589e+00,0.003000,700
6,4.106969e-03,1.472725e+03,9.207174e+00,0.003000,800
7,4.106969e-03,1.487287e+03,8.633508e+00,0.004000,900
8,4.106969e-03,1.308154e+03,8.326792e+00,0.004000,1000
9,1.152681e-03,1.310936e+03,7.828812e+00,0.004000,1100
10,1.152681e-03,1.364458e+03,8.373651e+00,0.004000,1200
11,1.152681e-03,1.379142e+03,7.661124e+00,0.004000,1300
12,1.152681e-03,1.217251e+03,8.222439e+00,0.004000,1400
13,1.152681e-03,1.302140e+03,8.409018e+00,0.004000,1500
14,1.152681e-03,1.233350e+03,7.851513e+00,0.004000,1600
15,7.946793e-04,1.173704e+03,8.451959e+00,0.005000,1700
16,2.894634e-07,1.111240e+03,7.797729e+00,0.005000,1800
17,2.894634e-07,1.051370e+03,8.088091e+00,0.005000,1900
18,2.894634e-07,1.152038e+03,8.195132e+00,0.005000,2000
19,2.894634e-07,1.125637e+03,8.654899e+00,0.005000,2100
20,2.894634e-07,1.057020e+03,8.969123e+00,0.006000,2200
21,2.894634e-07,9.593532e+02,7.228363e+00,0.007000,2300
22,2.894634e-07,9.908930e+02,7.905703e+00,0.007000,2400
23,2.894634e-07,1.012478e+03,8.146444e+00,0.007000,2500
24,2.894634e-07,9.959794e+02,8.125741e+00,0.007000,2600
25,2.894634e-07,9.905121e+02,8.228626e+00,0.008000,2700
26,2.894634e-07,9.359132e+02,9.172361e+00,0.008000,2800
27,2.894634e-07,8.718532e+02,9.008717e+00,0.009000,2900
28,2.894634e-07,8.759295e+02,9.057747e+00,0.009000,3000
29,2.894634e-07,8.047385e+02,8.988960e+00,0.009000,3100
30,2.894634e-07,7.862342e+02,8.796033e+00,0.009000,3200
31,2.894634e-07,6.904441e+02,8.095473e+00,0.009000,3300
32,2.894634e-07,6.276264e+02,7.307035e+00,0.010000,3400
33,2.894634e-07,7.341297e+02,7.960738e+00,0.010000,3500
34,2.894634e-07,7.533528e+02,7.924217e+00,0.010000,3600
35,1.974317e-08,7.102307e+02,8.156503e+00,0.011000,3700
36,1.974317e-08,6.511336e+02,7.816995e+00,0.011000,3800
37,1.974317e-08,5.783623e+02,7.860597e+00,0.011000,3900
38,1.974317e-08,5.897554e+02,7.413691e+00,0.011000,4000
39,1.974317e-08,7.153130e+02,8.125751e+00,0.011000,4100
40,1.974317e-08,6.878768e+02,7.909024e+00,0.011000,4200
41,1.974317e-08,6.438654e+02,8.051181e+00,0.011000,4300
42,1.974317e-08,5.882922e+02,7.444210e+00,0.011000,4400
43,1.974317e-08,5.353450e+02,7.366279e+00,0.012000,4500
44,1.974317e-08,5.225813e+02,6.742233e+00,0.012000,4600
45,1.974317e-08,5.013219e+02,6.837913e+00,0.012000,4700
46,1.641745e-08,4.605160e+02,6.564979e+00,0.013000,4800
47,1.641745e-08,4.215022e+02,6.204910e+00,0.013000,4900
48,1.641745e-08,3.776258e+02,6.292170e+00,0.013000,5000
49,1.641745e-08,3.495036e+02,6.252539e+00,0.013000,5100
50,1.641745e-08,4.075089e+02,7.167291e+00,0.014000,5200
51,1.641745e-08,4.041615e+02,7.081434e+00,0.014000,5300
52,1.641745e-08,4.067468e+02,6.792676e+00,0.014000,5400
53,1.641745e-08,3.716300e+02,6.276017e+00,0.014000,5500
54,1.641745e-08,2.888398e+02,5.450213e+00,0.015000,5600
55,8.560793e-09,2.525321e+02,5.261646e+00,0.015000,5700
56,8.560793e-09,2.949605e+02,5.847136e+00,0.015000,5800
57,8.560793e-09,2.835248e+02,5.875263e+00,0.016000,5900
58,8.560793e-09,2.769540e+02,5.608726e+00,0.016000,6000
59,8.560793e-09,2.719980e+02,5.713027e+00,0.016000,6100
60,6.712678e-09,2.795993e+02,5.709133e+00,0.016000,6200
61,6.712678e-09,2.941977e+02,6.078513e+00,0.016000,6300
62,1.340617e-11,2.734095e+02,5.741371e+00,0.017000,6400
63,1.340617e-11,2.766803e+02,5.848613e+00,0.017000,6500
64,1.340617e-11,2.468346e+02,5.316156e+00,0.017000,6600
65,1.340617e-11,2.114860e+02,4.858740e+00,0.017000,6700
66,1.340617e-11,1.714387e+02,4.286252e+00,0.017000,6800
67,1.340617e-11,1.742595e+02,4.269472e+00,0.018000,6900
68,1.340617e-11,1.946893e+02,4.797385e+00,0.018000,7000
69,1.340617e-11,2.254044e+02,5.554823e+00,0.018000,7100
70,1.340617e-11,2.198971e+02,5.568714e+00,0.019000,7200
71,1.340617e-11,1.893831e+02,5.225523e+00,0.019000,7300
72,9.592327e-14,1.723264e+02,4.988209e+00,0.019000,7400
73,9.592327e-14,1.973712e+02,5.507852e+00,0.020000,7500
74,9.592327e-14,1.905142e+02,5.026152e+00,0.020000,7600
75,9.592327e-14,1.731341e+02,4.681947e+00,0.021000,7700
76,9.592327e-14,1.976855e+02,5.086699e+00,0.021000,7800
77,9.592327e-14,1.787079e+02,4.700170e+00,0.021000,7900
78,9.592327e-14,1.649788e+02,4.374252e+00,0.021000,8000
79,9.592327e-14,1.471329e+02,4.194144e+00,0.022000,8100
80,9.592327e-14,1.317709e+02,4.018013e+00,0.022000,8200
81,9.592327e-14,1.378823e+02,3.902548e+00,0.022000,8300
82,9.592327e-14,1.428454e+02,3.946723e+00,0.022000,8400
83,9.592327e-14,1.663648e+02,4.772890e+00,0.023000,8500
84,9.592327e-14,1.779282e+02,4.970698e+00,0.023000,8600
85,9.592327e-14,1.764340e+02,5.119161e+00,0.023000,8700
86,9.592327e-14,1.512928e+02,4.628722e+00,0.023000,8800
87,9.592327e-14,1.442797e+02,4.494891e+00,0.023000,8900
88,9.592327e-14,1.232712e+02,4.209032e+00,0.023000,9000
89,9.592327e-14,1.045951e+02,3.729901e+00,0.024000,9100
90,9.592327e-14,1.165686e+02,3.843592e+00,0.024000,9200
91,9.592327e-14,1.560734e+02,4.695688e+00,0.024000,9300
92,9.592327e-14,1.467202e+02,4.470564e+00,0.024000,9400
93,9.592327e-14,1.346143e+02,4.286064e+00,0.024000,9500
94,9.592327e-14,1.301242e+02,4.262322e+00,0.024000,9600
95,5.151435e-14,1.363553e+02,4.316202e+00,0.024000,9700
96,4.973799e-14,1.626660e+02,5.199754e+00,0.025000,9800
97,4.973799e-14,1.809980e+02,5.671449e+00,0.025000,9900
98,4.973799e-14,1.438479e+02,4.486229e+00,0.025000,10000
99,4.973799e-14,1.310498e+02,4.322683e+00,0.026000,10100
100,4.973799e-14,9.359126e+01,3.296906e+00,0.026000,10200
101,4.973799e-14,9.032880e+01,3.269610e+00,0.026000,10300
102,4.973799e-14,1.000565e+02,3.594874e+00,0.027000,10400
103,4.973799e-14,1.070365e+02,3.766147e+00,0.027000,10500
104,1.065814e-14,1.165422e+02,4.129981e+00,0.027000,10600
105,1.065814e-14,8.442706e+01,3.324905e+00,0.028000,10700
106,1.065814e-14,6.507837e+01,2.912995e+00,0.028000,10800
107,0.000000e+00,7.839105e+01,3.154233e+00,0.028000,10900
108,0.000000e+00,8.994238e+01,3.384301e+00,0.029000,11000
109,0.000000e+00,8.434779e+01,3.357999e+00,0.029000,11100
110,0.000000e+00,9.716969e+01,3.531050e+00,0.029000,11200
111,0.000000e+00,9.215044e+01,3.475186e+00,0.029000,11300
112,0.000000e+00,7.472104e+01,3.148489e+00,0.029000,11400
113,0.000000e+00,7.251407e+01,3.190376e+00,0.030000,11500
114,0.000000e+00,8.494237e+01,3.583265e+00,0.030000,11600
115,0.000000e+00,9.562280e+01,3.711943e+00,0.030000,11700
116,0.000000e+00,8.654877e+01,3.336743e+00,0.030000,11800
117,0.000000e+00,9.716744e+01,3.644596e+00,0.030000,11900
118,0.000000e+00,1.016282e+02,4.140997e+00,0.030000,12000
119,0.000000e+00,9.060556e+01,3.706515e+00,0.030000,12100
120,0.000000e+00,8.937431e+01,3.700806e+00,0.031000,12200
121,0.000000e+00,9.524523e+01,3.994665e+00,0.031000,12300
122,0.000000e+00,9.318646e+01,3.898920e+00,0.031000,12400
123,0.000000e+00,8.853476e+01,3.636602e+00,0.031000,12500
124,0.000000e+00,8.988952e+01,3.764502e+00,0.031000,12600
125,0.000000e+00,6.752134e+01,3.152237e+00,0.031000,12700
126,0.000000e+00,8.351367e+01,3.733766e+00,0.031000,12800
127,0.000000e+00,6.395854e+01,3.232972e+00,0.031000,12900
128,0.000000e+00,8.314265e+01,3.645726e+00,0.031000,13000
129,0.000000e+00,8.079110e+01,3.525170e+00,0.031000,13100
130,0.000000e+00,7.103897e+01,3.454742e+00,0.031000,13200
131,0.000000e+00,5.927026e+01,2.997874e+00,0.032000,13300
132,0.000000e+00,6.601703e+01,3.136499e+00,0.032000,13400
133,0.000000e+00,7.191154e+01,3.326955e+00,0.032000,13500
134,0.000000e+00,7.091120e+01,3.395219e+00,0.032000,13600
135,0.000000e+00,6.202461e+01,3.139650e+00,0.034000,13700
136,0.000000e+00,5.715998e+01,2.934969e+00,0.034000,13800
137,0.000000e+00,5.315398e+01,2.831843e+00,0.035000,13900
138,0.000000e+00,5.079400e+01,2.775801e+00,0.035000,14000
139,0.000000e+00,4.905221e+01,2.707157e+00,0.035000,14100
140,0.000000e+00,4.350572e+01,2.475261e+00,0.035000,14200
141,0.000000e+00,4.458525e+01,2.592528e+00,0.036000,14300
142,0.000000e+00,4.317029e+01,2.504174e+00,0.036000,14400
143,0.000000e+00,4.267122e+01,2.472276e+00,0.036000,14500
144,0.000000e+00,4.662389e+01,2.682009e+00,0.036000,14600
145,0.000000e+00,4.435272e+01,2.589897e+00,0.037000,14700
146,0.000000e+00,4.217136e+01,2.445511e+00,0.037000,14800
147,0.000000e+00,3.781045e+01,2.247001e+00,0.037000,14900
148,0.000000e+00,3.584199e+01,2.133793e+00,0.037000,15000
149,0.000000e+00,3.193541e+01,1.868562e+00,0.037000,15100
150,0.000000e+00,3.029362e+01,1.745654e+00,0.037000,15200
151,0.000000e+00,2.932332e+01,1.725737e+00,0.038000,15300
152,0.000000e+00,2.977906e+01,1.742178e+00,0.038000,15400
153,0.000000e+00,3.596807e+01,2.089521e+00,0.038000,15500
154,0.000000e+00,4.056087e+01,2.293008e+00,0.038000,15600
155,0.000000e+00,4.946980e+01,2.754141e+00,0.038000,15700
156,0.000000e+00,5.383672e+01,3.036983e+00,0.038000,15800
157,0.000000e+00,5.827370e+01,3.313215e+00,0.038000,15900
158,0.000000e+00,5.782826e+01,3.303840e+00,0.038000,16000
159,0.000000e+00,4.930851e+01,2.835549e+00,0.038000,16100
160,0.000000e+00,4.165888e+01,2.373269e+00,0.039000,16200
161,0.000000e+00,1.247619e+03,8.979574e+00,0.039000,16300
162,0.000000e+00,1.553140e+03,9.640707e+00,0.039000,16400
163,0.000000e+00,1.627503e+03,1.026318e+01,0.040000,16500
164,0.000000e+00,1.708699e+03,1.129446e+01,0.040000,16600
165,0.000000e+00,1.625605e+03,1.041422e+01,0.040000,16700
166,0.000000e+00,1.460725e+03,9.302656e+00,0.041000,16800
167,0.000000e+00,1.173595e+03,8.613319e+00,0.041000,16900
168,0.000000e+00,1.185611e+03,9.453889e+00,0.041000,17000
169,0.000000e+00,1.113785e+03,8.935916e+00,0.041000,17100
170,0.000000e+00,1.266330e+03,9.533218e+00,0.042000,17200
171,0.000000e+00,1.281430e+03,9.837970e+00,0.042000,17300
172,0.000000e+00,1.279707e+03,9.182661e+00,0.042000,17400
173,0.000000e+00,1.086341e+03,8.376337e+00,0.042000,17500
174,0.000000e+00,9.920035e+02,8.404807e+00,0.043000,17600
175,0.000000e+00,1.034059e+03,8.010597e+00,0.043000,17700
176,0.000000e+00,1.046089e+03,9.111860e+00,0.043000,17800
177,0.000000e+00,1.081077e+03,9.135116e+00,0.043000,17900
178,0.000000e+00,9.414351e+02,8.000342e+00,0.043000,18000
179,0.000000e+00,8.619363e+02,7.772765e+00,0.044000,18100
180,0.000000e+00,8.689780e+02,7.830132e+00,0.044000,18200
181,0.000000e+00,8.841820e+02,7.951144e+00,0.044000,18300
182,0.000000e+00,8.402230e+02,7.726617e+00,0.044000,18400
183,0.000000e+00,8.578396e+02,8.146739e+00,0.044000,18500
184,0.000000e+00,6.832429e+02,7.336560e+00,0.044000,18600
185,0.000000e+00,7.247012e+02,8.201824e+00,0.044000,18700
186,0.000000e+00,7.182496e+02,8.243347e+00,0.045000,18800
187,0.000000e+00,6.198912e+02,7.379649e+00,0.045000,18900
188,0.000000e+00,5.467373e+02,7.292729e+00,0.045000,19000
189,0.000000e+00,5.268174e+02,7.399747e+00,0.045000,19100
190,0.000000e+00,4.356378e+02,6.067818e+00,0.045000,19200
191,0.000000e+00,4.092182e+02,6.280208e+00,0.045000,19300
192,0.000000e+00,4.399483e+02,6.644472e+00,0.046000,19400
193,0.000000e+00,4.549093e+02,6.789786e+00,0.046000,19500
194,0.000000e+00,4.558450e+02,6.720717e+00,0.046000,19600
195,0.000000e+00,4.424425e+02,6.979653e+00,0.046000,19700
196,0.000000e+00,3.896497e+02,7.051610e+00,0.047000,19800
197,0.000000e+00,3.568426e+02,6.685714e+00,0.047000,19900
198,0.000000e+00,3.888987e+02,7.209690e+00,0.047000,20000
199,0.000000e+00,3.632597e+02,6.525032e+00,0.048000,20100
200,0.000000e+00,3.004919e+02,5.759545e+00,0.048000,20200
201,0.000000e+00,2.906796e+02,5.780867e+00,0.048000,20300
202,0.000000e+00,2.840384e+02,6.007721e+00,0.049000,20400
203,0.000000e+00,2.807355e+02,5.662894e+00,0.049000,20500
204,0.000000e+00,2.122893e+02,4.886229e+00,0.050000,20600
205,0.000000e+00,1.870684e+02,4.593168e+00,0.050000,20700
206,0.000000e+00,2.314607e+02,5.291310e+00,0.050000,20800
207,0.000000e+00,2.221827e+02,5.303680e+00,0.050000,20900
208,0.000000e+00,2.133434e+02,5.166883e+00,0.050000,21000
209,0.000000e+00,1.674062e+02,4.615894e+00,0.050000,21100
210,0.000000e+00,1.576403e+02,4.789337e+00,0.050000,21200
211,0.000000e+00,1.401821e+02,3.634019e+00,0.050000,21300
212,0.000000e+00,1.529107e+02,3.966585e+00,0.050000,21400
213,0.000000e+00,1.552194e+02,4.286876e+00,0.051000,21500
214,0.000000e+00,1.171851e+02,3.720975e+00,0.051000,21600
215,0.000000e+00,8.225427e+01,2.974847e+00,0.051000,21700
216,0.000000e+00,8.083107e+01,2.620890e+00,0.051000,21800
217,0.000000e+00,9.239252e+01,3.346431e+00,0.051000,21900
218,0.000000e+00,1.222928e+02,3.969548e+00,0.051000,22000
219,0.000000e+00,1.193346e+02,4.013250e+00,0.051000,22100
220,0.000000e+00,8.521177e+01,3.343855e+00,0.051000,22200
221,0.000000e+00,9.337900e+01,3.714185e+00,0.051000,22300
222,0.000000e+00,6.241650e+01,2.464954e+00,0.051000,22400
223,0.000000e+00,5.066676e+01,1.615353e+00,0.051000,22500
224,0.000000e+00,4.897521e+01,2.467033e+00,0.052000,22600
225,0.000000e+00,4.405647e+01,2.162113e+00,0.052000,22700
226,0.000000e+00,5.562179e+01,2.713944e+00,0.052000,22800
227,0.000000e+00,6.939686e+01,3.248079e+00,0.052000,22900
228,0.000000e+00,6.048640e+01,2.649714e+00,0.052000,23000
229,0.000000e+00,4.649354e+01,1.978970e+00,0.052000,23100
230,0.000000e+00,4.853293e+01,2.221183e+00,0.052000,23200
231,0.000000e+00,4.165962e+01,2.247395e+00,0.052000,23300
232,0.000000e+00,3.195603e+01,1.687751e+00,0.052000,23400
233,0.000000e+00,3.533241e+01,2.082822e+00,0.053000,23500
234,0.000000e+00,4.143125e+01,2.454072e+00,0.053000,23600
235,0.000000e+00,5.748032e+01,3.117764e+00,0.053000,23700
236,0.000000e+00,5.621739e+01,3.055334e+00,0.053000,23800
237,0.000000e+00,4.497893e+01,2.713380e+00,0.053000,23900
238,0.000000e+00,4.371182e+01,2.348394e+00,0.053000,24000
239,0.000000e+00,3.051629e+01,2.012231e+00,0.054000,24100
240,0.000000e+00,3.401916e+01,1.925414e+00,0.054000,24200
241,0.000000e+00,4.059119e+01,2.444099e+00,0.054000,24300
242,0.000000e+00,4.437369e+01,2.707920e+00,0.054000,24400
243,0.000000e+00,3.294625e+01,2.004430e+00,0.054000,24500
244,0.000000e+00,2.039018e+01,1.540544e+00,0.054000,24600
245,0.000000e+00,3.962992e+01,2.616258e+00,0.054000,24700
246,0.000000e+00,2.751885e+01,1.886519e+00,0.055000,24800
247,0.000000e+00,2.383766e+01,1.456632e+00,0.055000,24900
248,0.000000e+00,3.428458e+01,2.016855e+00,0.055000,25000
249,0.000000e+00,4.372413e+01,2.814505e+00,0.055000,25100
250,0.000000e+00,3.681440e+01,2.487245e+00,0.055000,25200
251,0.000000e+00,2.820209e+01,2.052071e+00,0.055000,25300
252,0.000000e+00,2.486288e+01,2.045250e+00,0.055000,25400
253,0.000000e+00,2.204182e+01,1.931998e+00,0.056000,25500
254,0.000000e+00,1.765786e+01,1.618751e+00,0.056000,25600
255,0.000000e+00,1.187712e+01,1.155496e+00,0.056000,25700
256,0.000000e+00,8.381912e+00,7.909952e-01,0.056000,25800
257,0.000000e+00,6.804984e+00,6.069854e-01,0.056000,25900
258,0.000000e+00,3.917493e+00,3.058875e-01,0.056000,26000
259,0.000000e+00,1.437228e+00,1.053245e-01,0.056000,26100
260,0.000000e+00,1.471108e+00,9.765172e-02,0.056000,26200
261,0.000000e+00,7.908750e+00,7.271183e-01,0.056000,26300
262,0.000000e+00,1.549813e+01,1.490362e+00,0.056000,26400
263,0.000000e+00,1.771339e+01,1.741204e+00,0.057000,26500
264,0.000000e+00,1.793583e+01,1.772601e+00,0.057000,26600
265,0.000000e+00,1.550874e+01,1.541782e+00,0.057000,26700
266,0.000000e+00,8.577345e+00,8.554135e-01,0.057000,26800
267,0.000000e+00,1.760359e-01,1.215030e-02,0.057000,26900
268,0.000000e+00,1.726866e+01,1.697854e+00,0.057000,27000
269,0.000000e+00,1.674035e+01,1.642499e+00,0.057000,27100
270,0.000000e+00,8.172437e+00,7.898221e-01,0.057000,27200
271,0.000000e+00,1.593682e+01,1.577422e+00,0.057000,27300
272,0.000000e+00,1.992910e+01,1.985664e+00,0.057000,27400
273,0.000000e+00,1.466221e+01,1.462660e+00,0.057000,27500
274,0.000000e+00,4.128989e-01,3.975637e-02,0.057000,27600
275,0.000000e+00,1.002149e+00,9.850570e-02,0.057000,27700
276,0.000000e+00,7.367576e+00,7.351597e-01,0.057000,27800
277,0.000000e+00,4.580775e+00,4.562826e-01,0.058000,27900
278,0.000000e+00,6.802040e-01,6.536376e-02,0.058000,28000
279,0.000000e+00,5.613079e-01,5.363281e-02,0.058000,28100
280,0.000000e+00,4.894396e+00,4.873273e-01,0.058000,28200
281,0.000000e+00,4.447740e+00,4.434064e-01,0.058000,28300
282,0.000000e+00,2.860530e+00,2.854240e-01,0.058000,28400
283,0.000000e+00,9.199555e-01,9.159689e-02,0.058000,28500
284,0.000000e+00,1.583429e-01,1.565178e-02,0.058000,28600
285,0.000000e+00,9.458067e-01,9.445420e-02,0.058000,28700
286,0.000000e+00,2.311242e+00,2.309816e-01,0.059000,28800
287,0.000000e+00,2.683563e+00,2.682257e-01,0.059000,28900
288,0.000000e+00,2.443129e+00,2.441948e-01,0.059000,29000
289,0.000000e+00,1.285779e+00,1.284809e-01,0.059000,29100
290,0.000000e+00,1.158963e-01,1.150534e-02,0.059000,29200
291,0.000000e+00,7.763823e-02,7.696302e-03,0.059000,29300
292,0.000000e+00,3.776704e-02,3.719473e-03,0.059000,29400
293,0.000000e+00,1.513417e-02,1.439211e-03,0.059000,29500
294,0.000000e+00,1.460182e-03,1.336137e-04,0.059000,29600
295,0.000000e+00,2.987085e-02,2.818483e-03,0.060000,29700
296,0.000000e+00,6.502649e-02,6.370488e-03,0.060000,29800
297,0.000000e+00,4.612422e-02,4.532946e-03,0.060000,29900
298,0.000000e+00,2.456844e-02,2.394628e-03,0.060000,30000
299,0.000000e+00,6.676811e-03,6.346795e-04,0.060000,30100
300,0.000000e+00,2.849108e-03,2.703235e-04,0.060000,30200
301,0.000000e+00,1.709043e-03,1.599470e-04,0.061000,30300
302,0.000000e+00,1.047809e-03,9.595793e-05,0.061000,30400
303,0.000000e+00,4.005413e-04,3.087839e-05,0.061000,30500
304,0.000000e+00,1.082290e-04,6.997051e-06,0.061000,30600
305,0.000000e+00,2.370973e-04,1.631174e-05,0.061000,30700
306,0.000000e+00,4.055665e-04,3.378798e-05,0.061000,30800
307,0.000000e+00,5.912861e-04,5.115413e-05,0.061000,30900
308,0.000000e+00,5.233526e-04,4.440958e-05,0.061000,31000
309,0.000000e+00,3.075553e-04,2.657804e-05,0.062000,31100
310,0.000000e+00,1.017031e-04,7.259591e-06,0.062000,31200
311,0.000000e+00,1.065421e-04,6.328969e-06,0.062000,31300
312,0.000000e+00,1.136942e-04,6.963335e-06,0.062000,31400
313,0.000000e+00,1.023312e-04,6.419118e-06,0.062000,31500
314,0.000000e+00,7.004940e-05,4.389562e-06,0.062000,31600
315,0.000000e+00,3.404045e-05,1.904509e-06,0.062000,31700
316,0.000000e+00,1.573030e-05,1.029398e-06,0.062000,31800
317,0.000000e+00,2.801993e-05,1.639497e-06,0.062000,31900
318,0.000000e+00,4.437145e-05,2.923817e-06,0.063000,32000
319,0.000000e+00,5.151254e-05,3.671747e-06,0.063000,32100
320,0.000000e+00,3.983822e-05,2.624780e-06,0.063000,32200
321,0.000000e+00,2.349575e-05,1.247987e-06,0.063000,32300
322,0.000000e+00,1.322597e+03,9.200537e+00,0.063000,32400
323,0.000000e+00,1.824054e+03,1.005948e+01,0.063000,32500
324,0.000000e+00,1.871400e+03,1.059032e+01,0.063000,32600
325,0.000000e+00,1.696955e+03,1.109861e+01,0.063000,32700
326,0.000000e+00,1.596093e+03,1.071022e+01,0.063000,32800
327,0.000000e+00,1.499761e+03,9.550364e+00,0.063000,32900
328,0.000000e+00,1.420056e+03,8.969025e+00,0.063000,33000
329,0.000000e+00,1.418517e+03,9.240136e+00,0.063000,33100
330,0.000000e+00,1.476311e+03,8.963144e+00,0.064000,33200
331,0.000000e+00,1.389777e+03,8.941588e+00,0.064000,33300
332,0.000000e+00,1.229332e+03,8.837967e+00,0.064000,33400
333,0.000000e+00,1.067164e+03,8.330871e+00,0.064000,33500
334,0.000000e+00,1.228213e+03,7.794289e+00,0.064000,33600
335,0.000000e+00,1.158661e+03,8.410835e+00,0.064000,33700
336,0.000000e+00,1.007118e+03,8.383398e+00,0.064000,33800
337,0.000000e+00,1.041001e+03,8.674891e+00,0.064000,33900
338,0.000000e+00,1.158533e+03,9.294262e+00,0.064000,34000
339,0.000000e+00,1.104499e+03,9.129474e+00,0.064000,34100
340,0.000000e+00,1.033072e+03,9.530294e+00,0.065000,34200
341,0.000000e+00,9.570715e+02,9.790074e+00,0.065000,34300
342,0.000000e+00,9.858843e+02,9.863041e+00,0.065000,34400
343,0.000000e+00,8.455392e+02,8.267886e+00,0.065000,34500
344,0.000000e+00,7.971105e+02,8.326054e+00,0.065000,34600
345,0.000000e+00,6.995824e+02,7.527628e+00,0.065000,34700
346,0.000000e+00,7.739541e+02,7.809014e+00,0.065000,34800
347,0.000000e+00,6.760857e+02,7.387612e+00,0.065000,34900
348,0.000000e+00,6.927615e+02,8.650316e+00,0.065000,35000
349,0.000000e+00,5.510187e+02,7.433003e+00,0.065000,35100
350,0.000000e+00,5.868007e+02,6.876896e+00,0.065000,35200
351,0.000000e+00,5.927623e+02,7.383357e+00,0.065000,35300
352,0.000000e+00,5.238589e+02,6.893779e+00,0.065000,35400
353,0.000000e+00,5.279254e+02,7.221728e+00,0.066000,35500
354,0.000000e+00,4.496993e+02,6.007471e+00,0.066000,35600
355,0.000000e+00,4.395101e+02,6.455006e+00,0.066000,35700
356,0.000000e+00,4.223709e+02,6.451990e+00,0.066000,35800
357,0.000000e+00,3.499967e+02,5.867253e+00,0.066000,35900
358,0.000000e+00,4.033008e+02,6.194904e+00,0.066000,36000
359,0.000000e+00,3.927570e+02,6.374442e+00,0.067000,36100
360,0.000000e+00,3.436431e+02,5.848158e+00,0.067000,36200
361,0.000000e+00,3.502841e+02,6.571172e+00,0.067000,36300
362,0.000000e+00,3.083520e+02,5.607724e+00,0.067000,36400
363,0.000000e+00,2.894356e+02,5.689649e+00,0.067000,36500
364,0.000000e+00,2.716434e+02,5.673041e+00,0.068000,36600
365,0.000000e+00,2.387429e+02,5.047082e+00,0.068000,36700
366,0.000000e+00,2.180942e+02,4.897506e+00,0.068000,36800
367,0.000000e+00,2.163802e+02,4.905828e+00,0.068000,36900
368,0.000000e+00,1.792892e+02,4.386416e+00,0.068000,37000
369,0.000000e+00,1.987696e+02,4.350033e+00,0.069000,37100
370,0.000000e+00,1.851007e+02,4.376995e+00,0.069000,37200
371,0.000000e+00,1.570082e+02,3.723481e+00,0.069000,37300
372,0.000000e+00,1.579305e+02,3.720616e+00,0.069000,37400
373,0.000000e+00,1.577869e+02,4.165775e+00,0.069000,37500
374,0.000000e+00,1.141725e+02,3.203871e+00,0.069000,37600
375,0.000000e+00,9.260619e+01,2.865471e+00,0.069000,37700
376,0.000000e+00,9.221916e+01,3.071404e+00,0.069000,37800
377,0.000000e+00,1.062510e+02,3.223704e+00,0.070000,37900
378,0.000000e+00,1.483282e+02,3.888086e+00,0.070000,38000
379,0.000000e+00,1.545524e+02,4.036980e+00,0.070000,38100
380,0.000000e+00,1.320002e+02,3.676363e+00,0.070000,38200
381,0.000000e+00,1.369714e+02,3.820139e+00,0.070000,38300
382,0.000000e+00,9.506735e+01,2.923259e+00,0.070000,38400
383,0.000000e+00,9.044148e+01,3.026734e+00,0.070000,38500
384,0.000000e+00,8.856888e+01,3.128268e+00,0.070000,38600
385,0.000000e+00,1.076293e+02,3.906468e+00,0.070000,38700
386,0.000000e+00,1.179996e+02,3.921456e+00,0.070000,38800
387,0.000000e+00,1.200526e+02,3.991906e+00,0.070000,38900
388,0.000000e+00,1.211039e+02,3.967822e+00,0.070000,39000
389,0.000000e+00,9.145344e+01,3.180088e+00,0.070000,39100
390,0.000000e+00,5.990897e+01,2.234142e+00,0.071000,39200
391,0.000000e+00,7.280373e+01,3.171670e+00,0.071000,39300
392,0.000000e+00,6.095664e+01,3.103990e+00,0.071000,39400
393,0.000000e+00,7.230507e+01,3.543262e+00,0.071000,39500
394,0.000000e+00,6.776687e+01,3.329820e+00,0.071000,39600
395,0.000000e+00,5.455796e+01,2.447416e+00,0.071000,39700
396,0.000000e+00,7.671615e+01,3.584248e+00,0.071000,39800
397,0.000000e+00,5.378454e+01,2.912053e+00,0.071000,39900
398,0.000000e+00,7.165561e+01,3.414392e+00,0.071000,40000
399,0.000000e+00,5.341619e+01,2.757701e+00,0.071000,40100
400,0.000000e+00,5.713743e+01,2.732543e+00,0.071000,40200
401,0.000000e+00,4.130050e+01,2.117693e+00,0.071000,40300
402,0.000000e+00,5.844279e+01,3.043614e+00,0.071000,40400
403,0.000000e+00,5.685935e+01,2.656835e+00,0.071000,40500
404,0.000000e+00,5.247799e+01,2.961784e+00,0.072000,40600
405,0.000000e+00,5.562938e+01,3.839062e+00,0.072000,40700
406,0.000000e+00,4.373351e+01,3.650226e+00,0.072000,40800
407,0.000000e+00,5.000537e+01,3.722639e+00,0.072000,40900
408,0.000000e+00,6.579701e+01,4.206960e+00,0.072000,41000
409,0.000000e+00,7.314377e+01,4.248761e+00,0.072000,41100
410,0.000000e+00,5.398215e+01,2.813087e+00,0.072000,41200
411,0.000000e+00,3.502601e+01,1.817242e+00,0.072000,41300
412,0.000000e+00,2.336137e+01,1.298624e+00,0.072000,41400
413,0.000000e+00,1.998807e+01,1.198793e+00,0.072000,41500
414,0.000000e+00,1.204314e+01,9.145665e-01,0.072000,41600
415,0.000000e+00,4.403725e+00,2.260703e-01,0.072000,41700
416,0.000000e+00,1.132204e+01,6.849058e-01,0.072000,41800
417,0.000000e+00,1.883754e+01,1.030787e+00,0.072000,41900
418,0.000000e+00,3.765942e+01,2.016572e+00,0.073000,42000
419,0.000000e+00,3.057540e+01,2.010777e+00,0.073000,42100
420,0.000000e+00,2.678587e+01,1.995663e+00,0.073000,42200
421,0.000000e+00,2.306372e+01,1.712506e+00,0.073000,42300
422,0.000000e+00,2.090745e+01,1.451955e+00,0.073000,42400
423,0.000000e+00,1.455630e+01,8.286289e-01,0.073000,42500
424,0.000000e+00,8.884936e+00,4.477622e-01,0.073000,42600
425,0.000000e+00,3.259203e+00,2.166897e-01,0.073000,42700
426,0.000000e+00,4.034262e+00,2.117124e-01,0.074000,42800
427,0.000000e+00,1.050369e+01,9.347072e-01,0.074000,42900
428,0.000000e+00,1.518497e+01,1.383916e+00,0.074000,43000
429,0.000000e+00,2.161809e+01,1.777092e+00,0.074000,43100
430,0.000000e+00,2.498387e+01,1.967349e+00,0.074000,43200
431,0.000000e+00,2.407106e+01,1.910502e+00,0.074000,43300
432,0.000000e+00,2.054288e+01,1.559846e+00,0.075000,43400
433,0.000000e+00,1.303230e+01,8.838693e-01,0.075000,43500
434,0.000000e+00,1.153197e+01,1.054790e+00,0.075000,43600
435,0.000000e+00,1.380623e+01,1.341971e+00,0.075000,43700
436,0.000000e+00,1.365335e+01,1.306527e+00,0.075000,43800
437,0.000000e+00,1.088993e+01,9.594950e-01,0.075000,43900
438,0.000000e+00,3.685482e+00,2.294899e-01,0.075000,44000
439,0.000000e+00,2.073144e+00,1.196645e-01,0.075000,44100
440,0.000000e+00,1.282647e+00,8.480577e-02,0.076000,44200
441,0.000000e+00,9.928345e-01,5.676112e-02,0.076000,44300
442,0.000000e+00,1.909711e+00,1.728427e-01,0.076000,44400
443,0.000000e+00,1.786627e+00,1.497325e-01,0.076000,44500
444,0.000000e+00,3.368877e+00,2.425433e-01,0.076000,44600
445,0.000000e+00,4.503207e+00,3.540125e-01,0.076000,44700
446,0.000000e+00,4.572858e+00,3.483492e-01,0.076000,44800
447,0.000000e+00,3.426511e+00,2.320964e-01,0.076000,44900
448,0.000000e+00,1.841741e+00,1.139573e-01,0.076000,45000
449,0.000000e+00,1.813015e+00,1.288699e-01,0.077000,45100
450,0.000000e+00,2.018296e+00,1.854595e-01,0.077000,45200
451,0.000000e+00,1.763080e+00,1.683030e-01,0.077000,45300
452,0.000000e+00,1.711273e+00,1.306555e-01,0.077000,45400
453,0.000000e+00,1.606112e+00,1.086590e-01,0.077000,45500
454,0.000000e+00,8.812773e-01,6.132243e-02,0.077000,45600
455,0.000000e+00,3.836544e-01,3.360925e-02,0.077000,45700
456,0.000000e+00,1.136842e+00,9.944244e-02,0.077000,45800
457,0.000000e+00,1.301781e+00,1.254308e-01,0.077000,45900
458,0.000000e+00,1.162758e+00,1.160037e-01,0.077000,46000
459,0.000000e+00,8.970826e-01,8.139113e-02,0.077000,46100
460,0.000000e+00,5.632681e-01,4.214777e-02,0.077000,46200
461,0.000000e+00,3.666052e-01,2.577666e-02,0.077000,46300
462,0.000000e+00,1.693627e-01,1.221450e-02,0.078000,46400
463,0.000000e+00,9.367128e-02,9.239495e-03,0.078000,46500
464,0.000000e+00,2.255726e-01,1.772536e-02,0.078000,46600
465,0.000000e+00,8.401093e-01,8.288578e-02,0.078000,46700
466,0.000000e+00,1.120764e+00,1.099304e-01,0.078000,46800
467,0.000000e+00,9.579912e-01,8.434536e-02,0.078000,46900
468,0.000000e+00,7.851101e-01,5.613393e-02,0.078000,47000
469,0.000000e+00,6.589671e-01,6.063588e-02,0.078000,47100
470,0.000000e+00,6.500858e-01,6.203180e-02,0.078000,47200
471,0.000000e+00,5.612534e-01,5.557502e-02,0.078000,47300
472,0.000000e+00,4.585434e-01,4.172593e-02,0.078000,47400
473,0.000000e+00,3.334801e-01,2.522818e-02,0.078000,47500
474,0.000000e+00,1.316041e-01,9.977112e-03,0.078000,47600
475,0.000000e+00,1.431736e-01,1.004618e-02,0.078000,47700
476,0.000000e+00,3.467510e-01,3.105055e-02,0.079000,47800
477,0.000000e+00,3.321389e-01,3.078936e-02,0.079000,47900
478,0.000000e+00,2.066796e-01,1.886806e-02,0.079000,48000
479,0.000000e+00,6.627946e-02,5.812669e-03,0.079000,48100
480,0.000000e+00,2.229435e-02,1.819702e-03,0.079000,48200
481,0.000000e+00,1.549379e-03,1.425761e-04,0.079000,48300
482,0.000000e+00,4.165876e-03,3.845593e-04,0.079000,48400
483,0.000000e+00,1.183713e+03,1.020171e+01,0.079000,48500
484,0.000000e+00,1.561659e+03,1.010085e+01,0.079000,48600
485,0.000000e+00,1.704581e+03,1.064551e+01,0.079000,48700
486,0.000000e+00,1.579094e+03,1.071679e+01,0.080000,48800
487,0.000000e+00,1.560076e+03,1.046229e+01,0.080000,48900
488,0.000000e+00,1.339993e+03,9.233214e+00,0.080000,49000
489,0.000000e+00,1.330230e+03,9.746608e+00,0.080000,49100
490,0.000000e+00,1.289590e+03,1.027443e+01,0.081000,49200
491,0.000000e+00,1.183100e+03,1.016351e+01,0.081000,49300
492,0.000000e+00,1.304563e+03,1.024020e+01,0.081000,49400
493,0.000000e+00,1.228426e+03,9.145716e+00,0.081000,49500
494,0.000000e+00,1.295658e+03,9.999765e+00,0.081000,49600
495,0.000000e+00,1.147021e+03,9.069823e+00,0.082000,49700
496,0.000000e+00,1.086457e+03,8.806454e+00,0.082000,49800
497,0.000000e+00,1.029671e+03,8.278826e+00,0.082000,49900
498,0.000000e+00,1.099397e+03,8.653682e+00,0.082000,50000
499,0.000000e+00,1.045353e+03,8.744530e+00,0.083000,50100
500,0.000000e+00,1.048081e+03,9.632502e+00,0.083000,50200
501,0.000000e+00,9.695828e+02,9.010289e+00,0.083000,50300
502,0.000000e+00,9.290817e+02,9.221101e+00,0.083000,50400
503,0.000000e+00,8.897216e+02,8.135428e+00,0.083000,50500
504,0.000000e+00,8.934247e+02,8.414589e+00,0.084000,50600
505,0.000000e+00,8.262889e+02,8.602857e+00,0.084000,50700
506,0.000000e+00,6.804589e+02,7.932410e+00,0.084000,50800
507,0.000000e+00,6.378028e+02,7.714510e+00,0.084000,50900
508,0.000000e+00,7.026785e+02,8.251625e+00,0.084000,51000
509,0.000000e+00,6.524003e+02,7.666724e+00,0.084000,51100
510,0.000000e+00,6.671048e+02,8.050670e+00,0.084000,51200
511,0.000000e+00,5.871038e+02,7.329994e+00,0.085000,51300
512,0.000000e+00,4.829676e+02,6.559310e+00,0.085000,51400
513,0.000000e+00,5.150374e+02,6.918708e+00,0.085000,51500
514,0.000000e+00,4.530183e+02,6.515130e+00,0.085000,51600
515,0.000000e+00,4.151992e+02,6.393009e+00,0.085000,51700
516,0.000000e+00,4.395324e+02,7.011313e+00,0.085000,51800
517,0.000000e+00,4.016365e+02,6.592035e+00,0.085000,51900
518,0.000000e+00,4.720837e+02,7.559117e+00,0.085000,52000
519,0.000000e+00,4.241615e+02,6.635326e+00,0.085000,52100
520,0.000000e+00,3.207015e+02,5.270258e+00,0.085000,52200
521,0.000000e+00,3.056943e+02,5.086671e+00,0.085000,52300
522,0.000000e+00,2.492568e+02,4.704869e+00,0.085000,52400
523,0.000000e+00,2.317049e+02,4.868441e+00,0.085000,52500
524,0.000000e+00,2.256351e+02,5.210323e+00,0.086000,52600
525,0.000000e+00,2.532943e+02,5.363920e+00,0.086000,52700
526,0.000000e+00,1.818446e+02,4.076366e+00,0.086000,52800
527,0.000000e+00,1.709406e+02,4.038619e+00,0.086000,52900
528,0.000000e+00,2.036840e+02,4.959701e+00,0.086000,53000
529,0.000000e+00,1.812467e+02,4.542977e+00,0.086000,53100
530,0.000000e+00,1.868831e+02,4.861758e+00,0.086000,53200
531,0.000000e+00,1.995615e+02,4.527232e+00,0.086000,53300
532,0.000000e+00,2.080035e+02,5.107312e+00,0.086000,53400
533,0.000000e+00,1.865580e+02,4.651424e+00,0.086000,53500
534,0.000000e+00,1.187453e+02,3.403898e+00,0.086000,53600
535,0.000000e+00,1.389237e+02,4.155013e+00,0.086000,53700
536,0.000000e+00,9.141845e+01,3.013266e+00,0.086000,53800
537,0.000000e+00,1.195162e+02,3.695462e+00,0.087000,53900
538,0.000000e+00,1.169928e+02,3.437474e+00,0.087000,54000
539,0.000000e+00,1.686082e+02,4.491973e+00,0.087000,54100
540,0.000000e+00,1.554295e+02,4.300374e+00,0.087000,54200
541,0.000000e+00,1.223878e+02,4.121654e+00,0.087000,54300
542,0.000000e+00,1.141931e+02,3.965232e+00,0.088000,54400
543,0.000000e+00,1.233408e+02,3.951758e+00,0.088000,54500
544,0.000000e+00,9.972955e+01,3.124291e+00,0.088000,54600
545,0.000000e+00,9.757609e+01,3.193025e+00,0.088000,54700
546,0.000000e+00,8.073294e+01,2.700299e+00,0.088000,54800
547,0.000000e+00,8.904471e+01,3.217695e+00,0.088000,54900
548,0.000000e+00,3.894864e+01,1.244735e+00,0.089000,55000
549,0.000000e+00,7.959049e+01,3.144015e+00,0.089000,55100
550,0.000000e+00,6.647121e+01,2.602969e+00,0.089000,55200
551,0.000000e+00,7.737876e+01,3.433084e+00,0.089000,55300
552,0.000000e+00,6.927984e+01,2.504624e+00,0.089000,55400
553,0.000000e+00,8.607446e+01,3.226078e+00,0.089000,55500
554,0.000000e+00,6.695051e+01,2.275563e+00,0.089000,55600
555,0.000000e+00,7.903225e+01,3.014839e+00,0.089000,55700
556,0.000000e+00,5.046929e+01,2.189569e+00,0.090000,55800
557,0.000000e+00,4.864401e+01,2.551859e+00,0.090000,55900
558,0.000000e+00,1.330336e+01,4.488772e-01,0.090000,56000
559,0.000000e+00,3.264557e+01,1.888833e+00,0.090000,56100
560,0.000000e+00,2.208774e+01,8.578486e-01,0.090000,56200
561,0.000000e+00,3.250884e+01,1.334429e+00,0.090000,56300
562,0.000000e+00,3.408030e+01,1.156655e+00,0.090000,56400
563,0.000000e+00,4.085850e+01,1.980796e+00,0.090000,56500
564,0.000000e+00,3.101325e+01,1.553942e+00,0.091000,56600
565,0.000000e+00,3.082815e+01,1.913731e+00,0.091000,56700
566,0.000000e+00,1.324782e+01,6.372602e-01,0.091000,56800
567,0.000000e+00,1.442607e+01,7.327589e-01,0.091000,56900
568,0.000000e+00,1.650074e+01,8.538451e-01,0.091000,57000
569,0.000000e+00,1.761380e+01,1.062232e+00,0.091000,57100
570,0.000000e+00,1.880531e+01,1.219135e+00,0.091000,57200
571,0.000000e+00,2.360953e+01,1.395350e+00,0.091000,57300
572,0.000000e+00,2.472333e+01,1.236327e+00,0.091000,57400
573,0.000000e+00,1.954894e+01,9.446026e-01,0.091000,57500
574,0.000000e+00,1.362787e+01,7.162681e-01,0.091000,57600
575,0.000000e+00,6.900862e+00,4.488433e-01,0.091000,57700
576,0.000000e+00,3.097524e+00,2.338153e-01,0.091000,57800
577,0.000000e+00,4.984757e+00,2.520157e-01,0.092000,57900
578,0.000000e+00,9.890669e+00,6.213035e-01,0.092000,58000
579,0.000000e+00,1.791526e+01,1.130538e+00,0.092000,58100
580,0.000000e+00,2.527484e+01,1.627986e+00,0.092000,58200
581,0.000000e+00,2.686062e+01,1.725134e+00,0.092000,58300
582,0.000000e+00,2.160505e+01,1.387659e+00,0.092000,58400
583,0.000000e+00,1.378989e+01,9.081178e-01,0.092000,58500
584,0.000000e+00,8.326460e+00,5.614618e-01,0.092000,58600
585,0.000000e+00,5.245152e+00,3.940981e-01,0.092000,58700
586,0.000000e+00,2.306140e+00,1.497410e-01,0.092000,58800
587,0.000000e+00,6.573571e-01,3.464823e-02,0.092000,58900
588,0.000000e+00,5.037851e-01,3.365890e-02,0.092000,59000
589,0.000000e+00,4.820276e-01,3.348398e-02,0.092000,59100
590,0.000000e+00,4.294627e-01,2.671068e-02,0.092000,59200
591,0.000000e+00,6.154369e-01,3.423389e-02,0.093000,59300
592,0.000000e+00,4.408844e-01,2.604694e-02,0.093000,59400
593,0.000000e+00,2.082720e-01,1.267783e-02,0.093000,59500
594,0.000000e+00,6.509766e-02,3.499438e-03,0.093000,59600
595,0.000000e+00,1.025282e-01,8.062978e-03,0.093000,59700
596,0.000000e+00,2.730392e-01,2.505974e-02,0.093000,59800
597,0.000000e+00,2.842816e-01,2.140623e-02,0.093000,59900
598,0.000000e+00,2.141675e-01,1.379936e-02,0.093000,60000
599,0.000000e+00,1.367471e-01,9.183040e-03,0.093000,60100
600,0.000000e+00,8.776151e-02,6.673031e-03,0.093000,60200
601,0.000000e+00,5.156135e-02,3.531398e-03,0.093000,60300
602,0.000000e+00,1.765536e-02,8.921411e-04,0.093000,60400
603,0.000000e+00,8.539501e-02,5.959226e-03,0.093000,60500
604,0.000000e+00,2.209355e-01,1.909008e-02,0.094000,60600
605,0.000000e+00,2.196643e-01,1.906931e-02,0.094000,60700
606,0.000000e+00,1.394813e-01,1.166121e-02,0.094000,60800
607,0.000000e+00,9.573469e-02,8.362725e-03,0.094000,60900
608,0.000000e+00,6.678118e-02,6.394132e-03,0.094000,61000
609,0.000000e+00,5.153910e-02,3.962036e-03,0.094000,61100
610,0.000000e+00,5.840054e-02,4.037780e-03,0.095000,61200
611,0.000000e+00,5.231624e-02,4.355525e-03,0.095000,61300
612,0.000000e+00,4.582602e-02,4.010845e-03,0.095000,61400
613,0.000000e+00,3.287482e-02,2.497492e-03,0.095000,61500
614,0.000000e+00,2.352868e-02,1.415336e-03,0.095000,61600
615,0.000000e+00,1.764601e-02,1.364519e-03,0.095000,61700
616,0.000000e+00,2.710358e-02,1.966186e-03,0.097000,61800
617,0.000000e+00,3.278165e-02,2.263739e-03,0.097000,61900
618,0.000000e+00,1.983943e-02,1.392358e-03,0.098000,62000
619,0.000000e+00,5.778674e-03,4.337961e-04,0.098000,62100
620,0.000000e+00,2.186885e-03,1.195156e-04,0.098000,62200
621,0.000000e+00,9.521499e-03,7.086811e-04,0.098000,62300
622,0.000000e+00,1.139690e-02,8.541693e-04,0.098000,62400
623,0.000000e+00,8.989417e-03,7.024090e-04,0.098000,62500
624,0.000000e+00,4.290423e-03,3.540925e-04,0.098000,62600
625,0.000000e+00,1.397715e-03,1.106958e-04,0.099000,62700
626,0.000000e+00,1.148692e-03,6.882612e-05,0.099000,62800
627,0.000000e+00,6.775722e-04,4.537591e-05,0.099000,62900
628,0.000000e+00,5.508009e-04,4.394603e-05,0.099000,63000
629,0.000000e+00,1.060233e-03,7.709066e-05,0.099000,63100
630,0.000000e+00,1.666387e-03,1.490840e-04,0.099000,63200
631,0.000000e+00,1.417089e-03,1.266613e-04,0.099000,63300
632,0.000000e+00,9.560857e-04,8.007625e-05,0.099000,63400
633,0.000000e+00,3.123384e-04,1.843461e-05,0.099000,63500
634,0.000000e+00,1.253467e-04,5.424210e-06,0.099000,63600
635,0.000000e+00,5.214190e-05,2.502515e-06,0.099000,63700
636,0.000000e+00,4.050963e-05,1.796328e-06,0.099000,63800
637,0.000000e+00,5.086623e-05,2.353796e-06,0.099000,63900
638,0.000000e+00,4.996421e-05,3.468308e-06,0.100000,64000
639,0.000000e+00,5.640309e-05,4.145597e-06,0.100000,64100
640,0.000000e+00,7.784235e-05,4.304257e-06,0.100000,64200
641,0.000000e+00,1.349358e-04,9.289266e-06,0.100000,64300
642,0.000000e+00,1.290398e-04,8.124998e-06,0.100000,64400
643,0.000000e+00,9.850779e-05,5.736463e-06,0.100000,64500
644,0.000000e+00,1.367621e+03,9.271530e+00,0.100000,64600
645,0.000000e+00,1.652019e+03,9.143091e+00,0.100000,64700
646,0.000000e+00,1.829353e+03,1.072389e+01,0.100000,64800
647,0.000000e+00,1.729826e+03,1.011213e+01,0.100000,64900
648,0.000000e+00,1.568467e+03,1.028074e+01,0.100000,65000
649,0.000000e+00,1.521602e+03,9.495555e+00,0.100000,65100
650,0.000000e+00,1.397766e+03,9.306189e+00,0.100000,65200
651,0.000000e+00,1.370863e+03,9.460226e+00,0.101000,65300
652,0.000000e+00,1.459082e+03,9.714859e+00,0.101000,65400
653,0.000000e+00,1.361721e+03,8.638196e+00,0.101000,65500
654,0.000000e+00,1.202232e+03,9.173403e+00,0.101000,65600
655,0.000000e+00,1.275474e+03,8.889974e+00,0.101000,65700
656,0.000000e+00,1.157126e+03,8.540967e+00,0.102000,65800
657,0.000000e+00,1.194023e+03,8.918173e+00,0.102000,65900
658,0.000000e+00,1.105108e+03,9.629764e+00,0.102000,66000
659,0.000000e+00,1.087477e+03,9.132827e+00,0.102000,66100
660,0.000000e+00,1.034001e+03,8.839019e+00,0.102000,66200
661,0.000000e+00,1.111250e+03,9.147418e+00,0.102000,66300
662,0.000000e+00,1.060725e+03,8.809474e+00,0.103000,66400
663,0.000000e+00,9.579581e+02,8.723035e+00,0.103000,66500
664,0.000000e+00,7.995798e+02,7.885464e+00,0.103000,66600
665,0.000000e+00,8.365121e+02,8.269358e+00,0.103000,66700
666,0.000000e+00,7.873711e+02,8.455917e+00,0.103000,66800
667,0.000000e+00,7.392260e+02,8.596261e+00,0.104000,66900
668,0.000000e+00,7.609379e+02,9.374116e+00,0.104000,67000
669,0.000000e+00,5.394407e+02,6.971143e+00,0.104000,67100
670,0.000000e+00,5.599429e+02,7.585923e+00,0.104000,67200
671,0.000000e+00,5.832536e+02,7.704224e+00,0.104000,67300
672,0.000000e+00,5.495885e+02,7.326865e+00,0.104000,67400
673,0.000000e+00,5.304954e+02,7.517962e+00,0.104000,67500
674,0.000000e+00,4.311116e+02,6.639498e+00,0.105000,67600
675,0.000000e+00,4.653264e+02,7.536179e+00,0.105000,67700
676,0.000000e+00,4.097018e+02,6.853030e+00,0.105000,67800
677,0.000000e+00,3.751338e+02,5.958597e+00,0.105000,67900
678,0.000000e+00,3.441587e+02,5.453983e+00,0.105000,68000
679,0.000000e+00,3.763323e+02,6.475124e+00,0.105000,68100
680,0.000000e+00,3.562236e+02,6.573470e+00,0.105000,68200
681,0.000000e+00,2.739820e+02,5.056279e+00,0.105000,68300
682,0.000000e+00,3.274066e+02,6.367493e+00,0.105000,68400
683,0.000000e+00,2.519377e+02,5.780193e+00,0.105000,68500
684,0.000000e+00,2.773544e+02,6.228786e+00,0.106000,68600
685,0.000000e+00,2.461894e+02,5.585721e+00,0.106000,68700
686,0.000000e+00,2.101113e+02,4.995346e+00,0.106000,68800
687,0.000000e+00,2.295470e+02,4.790605e+00,0.106000,68900
688,0.000000e+00,1.976963e+02,4.345088e+00,0.106000,69000
689,0.000000e+00,2.105107e+02,4.804562e+00,0.106000,69100
690,0.000000e+00,2.519374e+02,6.105074e+00,0.106000,69200
691,0.000000e+00,2.299473e+02,5.915161e+00,0.106000,69300
692,0.000000e+00,1.995520e+02,5.009833e+00,0.106000,69400
693,0.000000e+00,1.617139e+02,3.986474e+00,0.106000,69500
694,0.000000e+00,1.457522e+02,3.694736e+00,0.106000,69600
695,0.000000e+00,1.746604e+02,4.426924e+00,0.106000,69700
696,0.000000e+00,2.035101e+02,5.037680e+00,0.106000,69800
697,0.000000e+00,1.418207e+02,4.079414e+00,0.106000,69900
698,0.000000e+00,1.350749e+02,4.258529e+00,0.107000,70000
699,0.000000e+00,8.674041e+01,3.197543e+00,0.107000,70100
700,0.000000e+00,1.100608e+02,3.855077e+00,0.107000,70200
701,0.000000e+00,1.352390e+02,4.080033e+00,0.107000,70300
702,0.000000e+00,1.365762e+02,3.908663e+00,0.107000,70400
703,0.000000e+00,1.193410e+02,3.726925e+00,0.107000,70500
704,0.000000e+00,1.274492e+02,4.020842e+00,0.107000,70600
705,0.000000e+00,1.130101e+02,4.009236e+00,0.107000,70700
706,0.000000e+00,7.809036e+01,3.281631e+00,0.107000,70800
707,0.000000e+00,4.995319e+01,2.013143e+00,0.107000,70900
708,0.000000e+00,6.198746e+01,2.651133e+00,0.108000,71000
709,0.000000e+00,6.293813e+01,2.689025e+00,0.108000,71100
710,0.000000e+00,5.922809e+01,2.317936e+00,0.108000,71200
711,0.000000e+00,6.395663e+01,2.821296e+00,0.108000,71300
712,0.000000e+00,5.443767e+01,2.443386e+00,0.108000,71400
713,0.000000e+00,5.126240e+01,2.407721e+00,0.108000,71500
714,0.000000e+00,7.711559e+01,3.451848e+00,0.109000,71600
715,0.000000e+00,4.451603e+01,1.800234e+00,0.109000,71700
716,0.000000e+00,6.489008e+01,2.778647e+00,0.109000,71800
717,0.000000e+00,5.716768e+01,2.284913e+00,0.109000,71900
718,0.000000e+00,5.727891e+01,2.513874e+00,0.109000,72000
719,0.000000e+00,5.045158e+01,2.344662e+00,0.109000,72100
720,0.000000e+00,5.651052e+01,2.791418e+00,0.109000,72200
721,0.000000e+00,4.098637e+01,2.042978e+00,0.110000,72300
722,0.000000e+00,1.457910e+01,7.484677e-01,0.110000,72400
723,0.000000e+00,1.169238e+01,6.573834e-01,0.110000,72500
724,0.000000e+00,1.248824e+01,8.244735e-01,0.110000,72600
725,0.000000e+00,1.881389e+01,1.257593e+00,0.110000,72700
726,0.000000e+00,2.460800e+01,1.727977e+00,0.110000,72800
727,0.000000e+00,2.411168e+01,1.575915e+00,0.112000,72900
728,0.000000e+00,2.363528e+01,1.674984e+00,0.112000,73000
729,0.000000e+00,2.238685e+01,1.972999e+00,0.112000,73100
730,0.000000e+00,3.194102e+01,2.073881e+00,0.112000,73200
731,0.000000e+00,5.298056e+01,2.813491e+00,0.112000,73300
732,0.000000e+00,3.545002e+01,1.746223e+00,0.112000,73400
733,0.000000e+00,3.973515e+01,2.137385e+00,0.112000,73500
734,0.000000e+00,2.833584e+01,1.610358e+00,0.112000,73600
735,0.000000e+00,7.164114e+00,5.162345e-01,0.112000,73700
736,0.000000e+00,1.311897e+01,8.349342e-01,0.112000,73800
737,0.000000e+00,2.242236e+01,1.824993e+00,0.112000,73900
738,0.000000e+00,8.543420e+00,5.218592e-01,0.112000,74000
739,0.000000e+00,4.907224e+00,2.960446e-01,0.113000,74100
740,0.000000e+00,1.200072e+01,8.907986e-01,0.113000,74200
741,0.000000e+00,1.089654e+01,8.335864e-01,0.113000,74300
742,0.000000e+00,6.349970e+00,4.639754e-01,0.113000,74400
743,0.000000e+00,1.669976e+00,8.926411e-02,0.113000,74500
744,0.000000e+00,2.502373e+00,1.493854e-01,0.113000,74600
745,0.000000e+00,1.271660e+01,1.037151e+00,0.113000,74700
746,0.000000e+00,1.965963e+01,1.539928e+00,0.113000,74800
747,0.000000e+00,2.659490e+01,1.965421e+00,0.113000,74900
748,0.000000e+00,3.449270e+01,2.434344e+00,0.113000,75000
749,0.000000e+00,3.347276e+01,2.353183e+00,0.113000,75100
750,0.000000e+00,2.774946e+01,1.953626e+00,0.113000,75200
751,0.000000e+00,1.215724e+01,8.482081e-01,0.113000,75300
752,0.000000e+00,5.109086e+00,3.923905e-01,0.113000,75400
753,0.000000e+00,5.400464e+00,3.609474e-01,0.114000,75500
754,0.000000e+00,6.147768e+00,5.034058e-01,0.114000,75600
755,0.000000e+00,4.017447e+00,3.771919e-01,0.114000,75700
756,0.000000e+00,6.371397e+00,4.367302e-01,0.114000,75800
757,0.000000e+00,8.388902e+00,7.280074e-01,0.114000,75900
758,0.000000e+00,7.804367e+00,7.641075e-01,0.114000,76000
759,0.000000e+00,7.243373e+00,6.417799e-01,0.114000,76100
760,0.000000e+00,5.891574e+00,4.934493e-01,0.114000,76200
761,0.000000e+00,3.834022e+00,2.950113e-01,0.114000,76300
762,0.000000e+00,1.748100e+00,1.059578e-01,0.114000,76400
763,0.000000e+00,5.443331e-01,2.997942e-02,0.114000,76500
764,0.000000e+00,2.797992e-01,1.340564e-02,0.114000,76600
765,0.000000e+00,5.904066e-01,4.962952e-02,0.115000,76700
766,0.000000e+00,9.468819e-01,9.097746e-02,0.115000,76800
767,0.000000e+00,1.497542e+00,1.467751e-01,0.115000,76900
768,0.000000e+00,2.013846e+00,1.963001e-01,0.115000,77000
769,0.000000e+00,1.438996e+00,1.377465e-01,0.115000,77100
770,0.000000e+00,8.478142e-01,7.781695e-02,0.115000,77200
771,0.000000e+00,2.566478e-01,1.998710e-02,0.116000,77300
772,0.000000e+00,4.595101e-02,4.488093e-03,0.116000,77400
773,0.000000e+00,2.630766e-01,2.389640e-02,0.116000,77500
774,0.000000e+00,3.991315e-01,3.806378e-02,0.116000,77600
775,0.000000e+00,3.011722e-01,2.935537e-02,0.116000,77700
776,0.000000e+00,1.066962e-01,1.053279e-02,0.116000,77800
777,0.000000e+00,3.258896e-02,2.774187e-03,0.116000,77900
778,0.000000e+00,3.281530e-02,2.278593e-03,0.117000,78000
779,0.000000e+00,5.513889e-02,4.514555e-03,0.117000,78100
780,0.000000e+00,6.436084e-02,5.778266e-03,0.117000,78200
781,0.000000e+00,3.714440e-02,3.495663e-03,0.117000,78300
782,0.000000e+00,2.002669e-02,1.914431e-03,0.118000,78400
783,0.000000e+00,3.140307e-03,2.523839e-04,0.118000,78500
784,0.000000e+00,9.002841e-03,8.415755e-04,0.118000,78600
785,0.000000e+00,4.179398e-02,4.054569e-03,0.118000,78700
786,0.000000e+00,1.267725e-01,1.252836e-02,0.118000,78800
787,0.000000e+00,1.597309e-01,1.581845e-02,0.118000,78900
788,0.000000e+00,1.368754e-01,1.356980e-02,0.118000,79000
789,0.000000e+00,6.388138e-02,6.290838e-03,0.119000,79100
790,0.000000e+00,1.995390e-02,1.863690e-03,0.119000,79200
791,0.000000e+00,7.819778e-03,6.249601e-04,0.119000,79300
792,0.000000e+00,3.269310e-02,3.126789e-03,0.119000,79400
793,0.000000e+00,7.320565e-02,7.239210e-03,0.119000,79500
794,0.000000e+00,1.203293e-01,1.200599e-02,0.119000,79600
795,0.000000e+00,2.184116e-01,2.183175e-02,0.119000,79700
796,0.000000e+00,2.070902e-01,2.070750e-02,0.119000,79800
797,0.000000e+00,1.263865e-01,1.263174e-02,0.119000,79900
798,0.000000e+00,8.782180e-02,8.749213e-03,0.119000,80000
799,0.000000e+00,3.967017e-02,3.901203e-03,0.119000,80100
800,0.000000e+00,2.463730e-02,2.368987e-03,0.119000,80200
801,0.000000e+00,1.178745e-02,1.076108e-03,0.119000,80300
802,0.000000e+00,5.479396e-03,4.778892e-04,0.120000,80400
803,0.000000e+00,1.302309e-03,1.127059e-04,0.120000,80500
804,0.000000e+00,1.239246e-04,8.802304e-06,0.120000,80600
805,0.000000e+00,1.211684e+03,9.666321e+00,0.120000,80700
806,0.000000e+00,1.560593e+03,1.068561e+01,0.120000,80800
807,0.000000e+00,1.678011e+03,1.131986e+01,0.120000,80900
808,0.000000e+00,1.578607e+03,1.118663e+01,0.120000,81000
809,0.000000e+00,1.548448e+03,1.088503e+01,0.120000,81100
810,0.000000e+00,1.385973e+03,9.727523e+00,0.120000,81200
811,0.000000e+00,1.141881e+03,9.420448e+00,0.120000,81300
812,0.000000e+00,1.184310e+03,8.686721e+00,0.120000,81400
813,0.000000e+00,1.103713e+03,9.247523e+00,0.120000,81500
814,0.000000e+00,1.068724e+03,9.568477e+00,0.120000,81600
815,0.000000e+00,1.066786e+03,9.653611e+00,0.121000,81700
816,0.000000e+00,1.048823e+03,9.270749e+00,0.121000,81800
817,0.000000e+00,1.139890e+03,9.111325e+00,0.121000,81900
818,0.000000e+00,1.033131e+03,9.768017e+00,0.121000,82000
819,0.000000e+00,9.313129e+02,9.060810e+00,0.121000,82100
820,0.000000e+00,7.948469e+02,7.632674e+00,0.121000,82200
821,0.000000e+00,6.911037e+02,7.984574e+00,0.121000,82300
822,0.000000e+00,8.247351e+02,8.840744e+00,0.121000,82400
823,0.000000e+00,7.993251e+02,8.735985e+00,0.121000,82500
824,0.000000e+00,7.348857e+02,8.303116e+00,0.121000,82600
825,0.000000e+00,7.945340e+02,9.207611e+00,0.121000,82700
826,0.000000e+00,6.572319e+02,8.293550e+00,0.121000,82800
827,0.000000e+00,6.521715e+02,8.411904e+00,0.121000,82900
828,0.000000e+00,5.985088e+02,7.496105e+00,0.122000,83000
829,0.000000e+00,6.332129e+02,8.057143e+00,0.122000,83100
830,0.000000e+00,5.889637e+02,8.124285e+00,0.122000,83200
831,0.000000e+00,5.632567e+02,7.814081e+00,0.122000,83300
832,0.000000e+00,5.763707e+02,7.884142e+00,0.122000,83400
833,0.000000e+00,4.825708e+02,6.478743e+00,0.123000,83500
834,0.000000e+00,5.191136e+02,7.263327e+00,0.123000,83600
835,0.000000e+00,4.012078e+02,6.192626e+00,0.123000,83700
836,0.000000e+00,4.466620e+02,6.926317e+00,0.123000,83800
837,0.000000e+00,3.803451e+02,6.299028e+00,0.123000,83900
838,0.000000e+00,4.908526e+02,7.887124e+00,0.123000,84000
839,0.000000e+00,4.340195e+02,6.797871e+00,0.123000,84100
840,0.000000e+00,3.762410e+02,6.517746e+00,0.124000,84200
841,0.000000e+00,3.787208e+02,6.146883e+00,0.124000,84300
842,0.000000e+00,3.466185e+02,6.089827e+00,0.124000,84400
843,0.000000e+00,2.495525e+02,5.094781e+00,0.124000,84500
844,0.000000e+00,2.233500e+02,4.568752e+00,0.124000,84600
845,0.000000e+00,3.009752e+02,6.538353e+00,0.124000,84700
846,0.000000e+00,3.528810e+02,7.029764e+00,0.124000,84800
847,0.000000e+00,3.425194e+02,7.310573e+00,0.124000,84900
848,0.000000e+00,2.832747e+02,6.329336e+00,0.124000,85000
849,0.000000e+00,2.062472e+02,5.106636e+00,0.125000,85100
850,0.000000e+00,1.455798e+02,3.998014e+00,0.125000,85200
851,0.000000e+00,1.465463e+02,3.685075e+00,0.125000,85300
852,0.000000e+00,1.972100e+02,4.972130e+00,0.125000,85400
853,0.000000e+00,1.551056e+02,3.789349e+00,0.125000,85500
854,0.000000e+00,2.106833e+02,5.845516e+00,0.125000,85600
855,0.000000e+00,2.210242e+02,5.894034e+00,0.125000,85700
856,0.000000e+00,1.865679e+02,5.568775e+00,0.125000,85800
857,0.000000e+00,1.658002e+02,4.848091e+00,0.126000,85900
858,0.000000e+00,1.104960e+02,4.088687e+00,0.126000,86000
859,0.000000e+00,8.133818e+01,2.847515e+00,0.126000,86100
860,0.000000e+00,9.651509e+01,3.364103e+00,0.126000,86200
861,0.000000e+00,1.345152e+02,4.041678e+00,0.126000,86300
862,0.000000e+00,9.788129e+01,2.946505e+00,0.126000,86400
863,0.000000e+00,1.080746e+02,3.268658e+00,0.126000,86500
864,0.000000e+00,9.231683e+01,3.120280e+00,0.126000,86600
865,0.000000e+00,8.935945e+01,3.479869e+00,0.126000,86700
866,0.000000e+00,5.110626e+01,2.065525e+00,0.126000,86800
867,0.000000e+00,3.918181e+01,1.784031e+00,0.127000,86900
868,0.000000e+00,4.790712e+01,2.164376e+00,0.127000,87000
869,0.000000e+00,6.407089e+01,2.574164e+00,0.127000,87100
870,0.000000e+00,5.299390e+01,2.212784e+00,0.127000,87200
871,0.000000e+00,4.005042e+01,2.001191e+00,0.127000,87300
872,0.000000e+00,3.516236e+01,2.054789e+00,0.127000,87400
873,0.000000e+00,3.188298e+01,1.983822e+00,0.127000,87500
874,0.000000e+00,2.586406e+01,1.606375e+00,0.127000,87600
875,0.000000e+00,1.679953e+01,8.763861e-01,0.127000,87700
876,0.000000e+00,1.515315e+01,7.633097e-01,0.127000,87800
877,0.000000e+00,1.402689e+01,6.648818e-01,0.127000,87900
878,0.000000e+00,1.185013e+01,5.195801e-01,0.128000,88000
879,0.000000e+00,7.757291e+00,3.342982e-01,0.128000,88100
880,0.000000e+00,5.294200e+00,2.400886e-01,0.128000,88200
881,0.000000e+00,6.669383e+00,2.979856e-01,0.128000,88300
882,0.000000e+00,9.035763e+00,4.104854e-01,0.128000,88400
883,0.000000e+00,9.592430e+00,4.117045e-01,0.128000,88500
884,0.000000e+00,1.053268e+01,4.953392e-01,0.128000,88600
885,0.000000e+00,1.213199e+01,6.781473e-01,0.128000,88700
886,0.000000e+00,1.035377e+01,5.947336e-01,0.128000,88800
887,0.000000e+00,9.913208e+00,5.606927e-01,0.128000,88900
888,0.000000e+00,8.180238e+00,4.919559e-01,0.128000,89000
889,0.000000e+00,5.476284e+00,3.873632e-01,0.129000,89100
890,0.000000e+00,3.409680e+00,2.505209e-01,0.129000,89200
891,0.000000e+00,3.129058e+00,1.780122e-01,0.129000,89300
892,0.000000e+00,2.295007e+00,1.099930e-01,0.129000,89400
893,0.000000e+00,1.960933e+00,1.141453e-01,0.129000,89500
894,0.000000e+00,1.868944e+00,1.317117e-01,0.129000,89600
895,0.000000e+00,1.604063e+00,1.352814e-01,0.130000,89700
896,0.000000e+00,1.110552e+00,9.567992e-02,0.130000,89800
897,0.000000e+00,3.783440e-01,3.043190e-02,0.130000,89900
898,0.000000e+00,2.568394e-01,1.986912e-02,0.130000,90000
899,0.000000e+00,2.096638e-01,1.173021e-02,0.130000,90100
900,0.000000e+00,2.601234e-01,1.295664e-02,0.130000,90200
901,0.000000e+00,1.667130e-01,8.380546e-03,0.130000,90300
902,0.000000e+00,9.178170e-02,4.691162e-03,0.131000,90400
903,0.000000e+00,4.702388e-02,2.100718e-03,0.131000,90500
904,0.000000e+00,6.380462e-02,3.643726e-03,0.131000,90600
905,0.000000e+00,1.238498e-01,9.765651e-03,0.131000,90700
906,0.000000e+00,1.403412e-01,1.083299e-02,0.131000,90800
907,0.000000e+00,9.926678e-02,7.306632e-03,0.131000,90900
908,0.000000e+00,2.809319e-02,1.476227e-03,0.131000,91000
909,0.000000e+00,9.440162e-03,4.037183e-04,0.132000,91100
910,0.000000e+00,4.309733e-02,2.742425e-03,0.132000,91200
911,0.000000e+00,1.261063e-01,8.150546e-03,0.132000,91300
912,0.000000e+00,1.867771e-01,1.276386e-02,0.132000,91400
913,0.000000e+00,1.484685e-01,1.023149e-02,0.132000,91500
914,0.000000e+00,6.851140e-02,4.642834e-03,0.132000,91600
915,0.000000e+00,1.804075e-02,1.007091e-03,0.132000,91700
916,0.000000e+00,5.850328e-02,5.371315e-03,0.132000,91800
917,0.000000e+00,6.424194e-02,5.941978e-03,0.132000,91900
918,0.000000e+00,6.315440e-02,5.451960e-03,0.132000,92000
919,0.000000e+00,5.441503e-02,3.977458e-03,0.133000,92100
920,0.000000e+00,3.971158e-02,2.576127e-03,0.133000,92200
921,0.000000e+00,4.154201e-02,3.134002e-03,0.133000,92300
922,0.000000e+00,3.767253e-02,3.166641e-03,0.133000,92400
923,0.000000e+00,2.740049e-02,2.401664e-03,0.133000,92500
924,0.000000e+00,1.577540e-02,1.395369e-03,0.133000,92600
925,0.000000e+00,3.620272e-03,2.482763e-04,0.133000,92700
926,0.000000e+00,4.267904e-03,2.214032e-04,0.133000,92800
927,0.000000e+00,3.284406e-02,2.864568e-03,0.133000,92900
928,0.000000e+00,8.149266e-02,7.569992e-03,0.133000,93000
929,0.000000e+00,1.271032e-01,1.205677e-02,0.133000,93100
930,0.000000e+00,1.256487e-01,1.194753e-02,0.133000,93200
931,0.000000e+00,8.493853e-02,8.032731e-03,0.133000,93300
932,0.000000e+00,3.845446e-02,3.638913e-03,0.134000,93400
933,0.000000e+00,2.351410e-03,1.839017e-04,0.134000,93500
934,0.000000e+00,5.507165e-04,2.783250e-05,0.134000,93600
935,0.000000e+00,9.649338e-04,6.684691e-05,0.134000,93700
936,0.000000e+00,9.994233e-04,7.309581e-05,0.134000,93800
937,0.000000e+00,9.805428e-04,6.439732e-05,0.134000,93900
938,0.000000e+00,9.580912e-04,5.247190e-05,0.134000,94000
939,0.000000e+00,8.299158e-04,3.780697e-05,0.134000,94100
940,0.000000e+00,8.612461e-04,4.620577e-05,0.134000,94200
941,0.000000e+00,7.118092e-04,4.491498e-05,0.134000,94300
942,0.000000e+00,9.867029e-04,5.894741e-05,0.134000,94400
943,0.000000e+00,2.292167e-03,1.867615e-04,0.134000,94500
944,0.000000e+00,2.794736e-03,2.552028e-04,0.134000,94600
945,0.000000e+00,3.007477e-03,2.925134e-04,0.135000,94700
946,0.000000e+00,2.024742e-03,1.978889e-04,0.135000,94800
947,0.000000e+00,1.114460e-03,1.088828e-04,0.135000,94900
948,0.000000e+00,3.484710e-04,3.245554e-05,0.135000,95000
949,0.000000e+00,1.466641e-04,1.283450e-05,0.135000,95100
950,0.000000e+00,1.629903e-05,1.057138e-06,0.135000,95200
951,0.000000e+00,2.934488e-04,2.705610e-05,0.135000,95300
952,0.000000e+00,5.275555e-04,4.806312e-05,0.135000,95400
953,0.000000e+00,5.045378e-04,4.454329e-05,0.135000,95500
954,0.000000e+00,4.363337e-04,3.709565e-05,0.135000,95600
955,0.000000e+00,3.058519e-04,2.516374e-05,0.135000,95700
956,0.000000e+00,1.055879e-04,6.990084e-06,0.136000,95800
957,0.000000e+00,2.674868e-05,2.351472e-06,0.136000,95900
958,0.000000e+00,8.799669e-05,6.571412e-06,0.136000,96000
959,0.000000e+00,1.562743e-04,1.307268e-05,0.136000,96100
960,0.000000e+00,2.370999e-04,2.113315e-05,0.136000,96200
961,0.000000e+00,2.672542e-04,2.430251e-05,0.137000,96300
962,0.000000e+00,1.958046e-04,1.814061e-05,0.137000,96400
963,0.000000e+00,1.371833e-04,1.266484e-05,0.137000,96500
964,0.000000e+00,9.863900e-05,9.253528e-06,0.137000,96600
965,0.000000e+00,4.034169e-05,3.860625e-06,0.137000,96700
966,0.000000e+00,1.216212e+03,9.732203e+00,0.138000,96800
967,0.000000e+00,1.735107e+03,1.039356e+01,0.138000,96900
968,0.000000e+00,1.816105e+03,1.121164e+01,0.138000,97000
969,0.000000e+00,1.804899e+03,1.088233e+01,0.138000,97100
970,0.000000e+00,1.672600e+03,1.187154e+01,0.138000,97200
971,0.000000e+00,1.419435e+03,1.018162e+01,0.138000,97300
972,0.000000e+00,1.233849e+03,9.324611e+00,0.138000,97400
973,0.000000e+00,1.039280e+03,7.974907e+00,0.138000,97500
974,0.000000e+00,1.128409e+03,9.042192e+00,0.139000,97600
975,0.000000e+00,1.102556e+03,8.199957e+00,0.139000,97700
976,0.000000e+00,1.012772e+03,8.219973e+00,0.139000,97800
977,0.000000e+00,1.031446e+03,8.648007e+00,0.139000,97900
978,0.000000e+00,1.012335e+03,8.206828e+00,0.139000,98000
979,0.000000e+00,9.281577e+02,8.891918e+00,0.139000,98100
980,0.000000e+00,9.304214e+02,8.562600e+00,0.139000,98200
981,0.000000e+00,1.020480e+03,8.890508e+00,0.139000,98300
982,0.000000e+00,8.945790e+02,8.736545e+00,0.139000,98400
983,0.000000e+00,7.368799e+02,7.549114e+00,0.140000,98500
984,0.000000e+00,7.616904e+02,7.674894e+00,0.140000,98600
985,0.000000e+00,7.348100e+02,8.275070e+00,0.140000,98700
986,0.000000e+00,6.156475e+02,7.528662e+00,0.140000,98800
987,0.000000e+00,5.860595e+02,7.170418e+00,0.140000,98900
988,0.000000e+00,6.507037e+02,7.695949e+00,0.140000,99000
989,0.000000e+00,5.389661e+02,6.607236e+00,0.140000,99100
990,0.000000e+00,5.896554e+02,7.177573e+00,0.140000,99200
991,0.000000e+00,5.082282e+02,6.830194e+00,0.140000,99300
992,0.000000e+00,4.487525e+02,7.020801e+00,0.140000,99400
993,0.000000e+00,4.252601e+02,6.221002e+00,0.140000,99500
994,0.000000e+00,4.710418e+02,6.826623e+00,0.140000,99600
995,0.000000e+00,4.819090e+02,7.126612e+00,0.140000,99700
996,0.000000e+00,4.754363e+02,7.198190e+00,0.141000,99800
997,0.000000e+00,4.210762e+02,6.556380e+00,0.141000,99900
998,0.000000e+00,4.308804e+02,7.352887e+00,0.141000,100000
999,0.000000e+00,4.609880e+02,7.801827e+00,0.141000,100100


 PSO simulation finished

Best Fitness=0.000000e+00,x[0]=0.000000|,