100
1000
1.700000|0.100000|0.100000|0.100000
160|3| 5
0,3.523120e+01,1.035421e+04,2.250049e+01,0.001000,200
1,3.523120e+01,1.060085e+04,2.462648e+01,0.001000,300
2,3.523120e+01,1.066294e+04,2.570028e+01,0.005000,400
3,3.386706e+01,9.997855e+03,2.423401e+01,0.005000,500
4,3.386706e+01,9.771122e+03,2.401862e+01,0.006000,600
5,3.386706e+01,8.805975e+03,2.246821e+01,0.006000,700
6,3.386706e+01,8.053112e+03,2.144510e+01,0.007000,800
7,3.386706e+01,8.181086e+03,1.966582e+01,0.007000,900
8,3.386706e+01,7.626530e+03,2.105281e+01,0.007000,1000
9,2.774285e+01,7.286207e+03,2.064288e+01,0.008000,1100
10,2.206835e+01,7.198904e+03,1.927450e+01,0.008000,1200
11,2.206835e+01,7.016021e+03,2.058133e+01,0.008000,1300
12,2.206835e+01,6.728823e+03,2.183584e+01,0.009000,1400
13,2.136044e+01,6.651297e+03,2.076679e+01,0.009000,1500
14,2.136044e+01,6.401992e+03,1.734288e+01,0.010000,1600
15,2.026472e+01,6.405388e+03,1.761813e+01,0.010000,1700
16,1.409573e+01,6.231689e+03,1.585908e+01,0.011000,1800
17,1.409573e+01,6.219206e+03,1.769323e+01,0.011000,1900
18,1.409573e+01,5.877706e+03,2.142557e+01,0.011000,2000
19,1.280315e+01,5.602110e+03,1.947450e+01,0.011000,2100
20,1.280315e+01,5.739205e+03,1.905036e+01,0.012000,2200
21,6.844784e+00,5.705590e+03,1.862822e+01,0.012000,2300
22,6.844784e+00,5.800857e+03,1.940368e+01,0.012000,2400
23,6.844784e+00,5.682806e+03,1.741940e+01,0.013000,2500
24,6.844784e+00,5.817467e+03,1.709636e+01,0.013000,2600
25,6.844784e+00,5.751540e+03,1.663373e+01,0.014000,2700
26,6.844784e+00,5.705897e+03,1.708744e+01,0.015000,2800
27,6.844784e+00,5.432134e+03,1.923792e+01,0.015000,2900
28,6.844784e+00,5.275439e+03,1.643142e+01,0.015000,3000
29,6.844784e+00,5.295366e+03,1.743433e+01,0.015000,3100
30,6.844784e+00,5.235255e+03,1.848007e+01,0.016000,3200
31,6.844784e+00,4.897168e+03,1.694543e+01,0.016000,3300
32,6.844784e+00,4.753973e+03,1.516570e+01,0.016000,3400
33,6.844784e+00,4.696987e+03,1.644692e+01,0.016000,3500
34,6.844784e+00,4.728480e+03,1.688755e+01,0.016000,3600
35,6.844784e+00,4.797014e+03,1.519865e+01,0.017000,3700
36,3.939251e+00,4.678152e+03,1.701186e+01,0.017000,3800
37,3.939251e+00,4.642681e+03,1.653066e+01,0.017000,3900
38,3.939251e+00,4.567507e+03,1.649805e+01,0.018000,4000
39,1.176925e+00,4.634505e+03,1.635467e+01,0.018000,4100
40,1.176925e+00,4.594105e+03,1.742322e+01,0.019000,4200
41,1.176925e+00,4.650471e+03,1.879361e+01,0.019000,4300
42,1.176925e+00,4.343281e+03,1.968425e+01,0.019000,4400
43,1.176925e+00,4.099107e+03,1.841042e+01,0.020000,4500
44,1.176925e+00,4.182991e+03,1.997491e+01,0.020000,4600
45,1.176925e+00,4.092759e+03,1.858756e+01,0.021000,4700
46,1.176925e+00,3.863989e+03,1.807704e+01,0.021000,4800
47,6.610596e-01,3.672556e+03,1.684456e+01,0.022000,4900
48,6.610596e-01,3.632487e+03,1.829942e+01,0.022000,5000
49,6.610596e-01,3.530476e+03,1.853125e+01,0.022000,5100
50,6.610596e-01,3.344585e+03,1.812806e+01,0.023000,5200
51,6.610596e-01,3.160226e+03,1.954657e+01,0.023000,5300
52,6.610596e-01,3.099191e+03,1.934998e+01,0.023000,5400
53,6.610596e-01,3.051980e+03,1.752066e+01,0.024000,5500
54,6.610596e-01,2.928439e+03,1.664213e+01,0.024000,5600
55,6.610596e-01,2.836473e+03,1.729823e+01,0.024000,5700
56,6.610596e-01,2.709314e+03,1.700314e+01,0.025000,5800
57,6.610596e-01,2.517447e+03,1.597274e+01,0.025000,5900
58,6.610596e-01,2.504983e+03,1.721268e+01,0.025000,6000
59,6.610596e-01,2.481967e+03,1.804295e+01,0.026000,6100
60,4.206437e-01,2.405234e+03,1.893688e+01,0.026000,6200
61,4.206437e-01,2.405880e+03,1.890805e+01,0.027000,6300
62,4.182207e-01,2.350012e+03,1.865265e+01,0.027000,6400
63,2.543426e-01,2.154091e+03,1.752595e+01,0.027000,6500
64,1.730481e-01,2.093903e+03,1.799294e+01,0.028000,6600
65,1.730481e-01,2.055645e+03,1.752944e+01,0.028000,6700
66,1.730481e-01,2.042639e+03,1.864183e+01,0.029000,6800
67,1.012331e-01,2.026438e+03,1.889028e+01,0.029000,6900
68,8.327585e-02,1.973555e+03,1.865113e+01,0.029000,7000
69,7.326226e-02,1.892235e+03,1.823859e+01,0.029000,7100
70,7.326226e-02,1.764416e+03,1.784324e+01,0.030000,7200
71,7.326226e-02,1.774799e+03,1.808085e+01,0.030000,7300
72,4.043227e-02,1.769798e+03,1.821889e+01,0.031000,7400
73,2.758661e-02,1.629834e+03,1.831313e+01,0.031000,7500
74,2.758661e-02,1.641584e+03,1.871913e+01,0.032000,7600
75,2.758661e-02,1.604304e+03,1.873564e+01,0.032000,7700
76,2.249063e-02,1.500009e+03,1.808071e+01,0.033000,7800
77,1.680196e-02,1.498282e+03,1.810749e+01,0.034000,7900
78,1.680196e-02,1.514270e+03,1.796733e+01,0.035000,8000
79,1.680196e-02,1.453250e+03,1.900344e+01,0.036000,8100
80,1.680196e-02,1.388170e+03,1.966532e+01,0.036000,8200
81,1.680196e-02,1.321861e+03,1.924374e+01,0.036000,8300
82,1.680196e-02,1.278847e+03,1.908646e+01,0.037000,8400
83,1.680196e-02,1.226635e+03,1.864116e+01,0.037000,8500
84,1.680196e-02,1.172434e+03,1.833023e+01,0.037000,8600
85,1.265394e-02,1.177356e+03,1.817742e+01,0.037000,8700
86,8.153764e-03,1.161280e+03,1.772948e+01,0.038000,8800
87,8.153764e-03,1.042347e+03,1.640641e+01,0.038000,8900
88,8.153764e-03,1.097201e+03,1.708955e+01,0.038000,9000
89,4.564991e-03,1.051103e+03,1.617463e+01,0.039000,9100
90,4.564991e-03,9.774901e+02,1.528451e+01,0.039000,9200
91,4.564991e-03,9.773698e+02,1.552612e+01,0.040000,9300
92,3.423752e-03,9.672026e+02,1.595334e+01,0.040000,9400
93,3.423752e-03,9.805314e+02,1.719010e+01,0.041000,9500
94,3.423752e-03,8.995649e+02,1.554633e+01,0.041000,9600
95,2.147934e-03,9.529856e+02,1.602159e+01,0.041000,9700
96,2.052219e-03,9.733828e+02,1.590917e+01,0.042000,9800
97,1.233938e-03,1.032041e+03,1.711207e+01,0.042000,9900
98,1.072078e-03,1.018168e+03,1.728931e+01,0.042000,10000
99,1.072078e-03,1.006947e+03,1.854066e+01,0.043000,10100
100,1.072078e-03,9.205184e+02,1.724242e+01,0.043000,10200
101,1.072078e-03,8.205323e+02,1.549400e+01,0.043000,10300
102,1.057993e-03,8.340060e+02,1.491713e+01,0.043000,10400
103,3.754968e-04,7.992118e+02,1.428868e+01,0.043000,10500
104,3.754968e-04,7.261758e+02,1.364643e+01,0.044000,10600
105,1.853637e-04,7.203486e+02,1.438530e+01,0.044000,10700
106,1.853637e-04,7.251977e+02,1.406317e+01,0.044000,10800
107,1.211977e-04,7.571612e+02,1.541220e+01,0.045000,10900
108,6.244760e-05,6.858484e+02,1.331796e+01,0.045000,11000
109,6.244760e-05,6.771660e+02,1.359769e+01,0.045000,11100
110,4.078349e-05,6.784487e+02,1.430014e+01,0.046000,11200
111,4.078349e-05,7.068923e+02,1.521316e+01,0.046000,11300
112,4.078349e-05,6.899456e+02,1.493560e+01,0.047000,11400
113,3.283290e-05,6.506273e+02,1.418491e+01,0.047000,11500
114,3.283290e-05,6.314318e+02,1.491083e+01,0.048000,11600
115,3.283290e-05,6.306456e+02,1.497139e+01,0.049000,11700
116,3.283290e-05,6.311135e+02,1.442022e+01,0.050000,11800
117,3.283290e-05,6.490874e+02,1.437228e+01,0.050000,11900
118,3.283290e-05,6.578718e+02,1.437989e+01,0.051000,12000
119,3.283290e-05,6.353128e+02,1.418595e+01,0.051000,12100
120,2.501795e-05,5.995786e+02,1.397864e+01,0.051000,12200
121,2.009970e-05,5.879109e+02,1.395391e+01,0.051000,12300
122,2.009970e-05,5.676872e+02,1.370622e+01,0.052000,12400
123,2.009970e-05,5.283854e+02,1.323352e+01,0.052000,12500
124,2.009970e-05,5.121398e+02,1.346595e+01,0.052000,12600
125,1.831246e-05,5.138514e+02,1.347107e+01,0.052000,12700
126,1.641480e-05,5.175456e+02,1.350522e+01,0.053000,12800
127,1.398610e-05,5.329668e+02,1.378267e+01,0.053000,12900
128,1.398610e-05,5.176561e+02,1.308424e+01,0.053000,13000
129,1.012383e-05,5.156302e+02,1.328950e+01,0.054000,13100
130,2.574186e-06,4.752425e+02,1.292092e+01,0.054000,13200
131,2.574186e-06,4.796268e+02,1.309094e+01,0.054000,13300
132,2.574186e-06,5.062575e+02,1.355467e+01,0.055000,13400
133,2.574186e-06,5.127451e+02,1.328168e+01,0.055000,13500
134,2.574186e-06,5.040889e+02,1.286132e+01,0.055000,13600
135,2.574186e-06,4.937314e+02,1.278118e+01,0.056000,13700
136,2.574186e-06,4.753733e+02,1.288006e+01,0.056000,13800
137,2.574186e-06,4.591536e+02,1.281695e+01,0.057000,13900
138,2.574186e-06,4.583802e+02,1.235076e+01,0.057000,14000
139,2.364128e-06,4.880088e+02,1.281944e+01,0.057000,14100
140,2.020054e-06,5.094981e+02,1.327074e+01,0.057000,14200
141,1.571218e-06,4.615809e+02,1.231472e+01,0.057000,14300
142,9.710084e-07,4.636281e+02,1.237910e+01,0.058000,14400
143,5.134673e-07,4.647957e+02,1.323557e+01,0.058000,14500
144,2.756974e-07,4.590625e+02,1.338587e+01,0.058000,14600
145,2.756974e-07,4.606771e+02,1.348880e+01,0.058000,14700
146,1.885306e-07,4.637732e+02,1.374446e+01,0.059000,14800
147,1.253560e-07,4.375111e+02,1.342240e+01,0.059000,14900
148,6.565645e-08,4.457292e+02,1.328915e+01,0.059000,15000
149,6.565645e-08,4.352363e+02,1.293405e+01,0.060000,15100
150,5.983979e-08,4.198483e+02,1.279933e+01,0.060000,15200
151,5.071198e-08,4.123509e+02,1.293905e+01,0.060000,15300
152,4.255753e-08,3.911761e+02,1.227166e+01,0.060000,15400
153,4.255753e-08,3.941198e+02,1.178435e+01,0.061000,15500
154,4.255753e-08,3.775007e+02,1.107799e+01,0.061000,15600
155,4.255753e-08,3.730304e+02,1.155531e+01,0.061000,15700
156,4.255753e-08,3.730503e+02,1.151254e+01,0.062000,15800
157,1.599904e-08,3.875500e+02,1.239424e+01,0.062000,15900
158,1.599904e-08,3.916673e+02,1.312084e+01,0.062000,16000
159,1.599904e-08,3.916650e+02,1.230957e+01,0.062000,16100
160,1.599904e-08,3.979788e+02,1.318318e+01,0.063000,16200
161,1.599904e-08,6.810138e+03,2.339711e+01,0.063000,16300
162,1.599904e-08,8.213299e+03,2.599031e+01,0.063000,16400
163,1.599904e-08,8.876058e+03,2.392185e+01,0.063000,16500
164,1.599904e-08,8.710983e+03,2.634845e+01,0.063000,16600
165,1.599904e-08,8.153480e+03,2.486743e+01,0.063000,16700
166,1.599904e-08,7.555061e+03,2.264524e+01,0.064000,16800
167,1.599904e-08,6.869655e+03,2.227188e+01,0.064000,16900
168,1.599904e-08,6.807748e+03,1.838389e+01,0.064000,17000
169,1.599904e-08,6.609052e+03,1.995396e+01,0.064000,17100
170,1.599904e-08,6.846596e+03,2.089430e+01,0.064000,17200
171,1.599904e-08,6.353192e+03,2.219783e+01,0.065000,17300
172,1.599904e-08,6.168747e+03,2.012597e+01,0.065000,17400
173,1.599904e-08,6.084090e+03,1.741085e+01,0.065000,17500
174,1.599904e-08,5.758826e+03,1.584863e+01,0.065000,17600
175,1.599904e-08,5.680745e+03,1.797287e+01,0.066000,17700
176,1.599904e-08,5.663785e+03,1.825208e+01,0.066000,17800
177,1.599904e-08,5.689273e+03,1.995954e+01,0.066000,17900
178,1.599904e-08,5.201066e+03,1.916226e+01,0.066000,18000
179,1.599904e-08,5.151837e+03,1.907735e+01,0.067000,18100
180,1.599904e-08,5.032451e+03,1.821805e+01,0.067000,18200
181,1.599904e-08,4.861872e+03,1.783683e+01,0.067000,18300
182,1.599904e-08,4.647437e+03,1.843910e+01,0.068000,18400
183,1.599904e-08,4.672968e+03,1.978630e+01,0.068000,18500
184,1.599904e-08,4.511224e+03,1.850309e+01,0.068000,18600
185,1.599904e-08,4.559479e+03,1.770719e+01,0.068000,18700
186,1.599904e-08,4.130748e+03,1.723480e+01,0.068000,18800
187,1.599904e-08,4.243674e+03,1.816865e+01,0.069000,18900
188,1.599904e-08,4.090610e+03,1.744527e+01,0.069000,19000
189,1.599904e-08,3.803764e+03,1.672346e+01,0.069000,19100
190,1.599904e-08,3.543318e+03,1.702333e+01,0.069000,19200
191,1.599904e-08,3.508213e+03,1.710742e+01,0.070000,19300
192,1.599904e-08,3.528831e+03,1.686791e+01,0.070000,19400
193,1.599904e-08,3.473479e+03,1.755666e+01,0.070000,19500
194,1.599904e-08,3.382961e+03,1.821664e+01,0.070000,19600
195,1.599904e-08,3.150177e+03,1.697974e+01,0.070000,19700
196,1.599904e-08,3.113685e+03,1.934895e+01,0.071000,19800
197,1.599904e-08,2.983196e+03,1.881541e+01,0.071000,19900
198,1.599904e-08,2.969592e+03,1.798515e+01,0.071000,20000
199,1.599904e-08,2.747344e+03,1.689944e+01,0.071000,20100
200,1.599904e-08,2.677452e+03,1.841908e+01,0.071000,20200
201,1.599904e-08,2.657240e+03,1.790656e+01,0.071000,20300
202,1.599904e-08,2.464436e+03,1.678896e+01,0.071000,20400
203,1.599904e-08,2.331356e+03,1.637392e+01,0.072000,20500
204,1.599904e-08,2.204837e+03,1.625459e+01,0.072000,20600
205,1.599904e-08,2.105203e+03,1.503921e+01,0.072000,20700
206,1.599904e-08,2.054178e+03,1.476578e+01,0.072000,20800
207,1.599904e-08,2.066820e+03,1.544104e+01,0.072000,20900
208,1.599904e-08,1.923278e+03,1.568984e+01,0.073000,21000
209,1.599904e-08,1.860587e+03,1.559732e+01,0.073000,21100
210,1.599904e-08,1.794740e+03,1.635245e+01,0.073000,21200
211,1.599904e-08,1.770333e+03,1.474429e+01,0.073000,21300
212,1.599904e-08,1.596275e+03,1.465160e+01,0.074000,21400
213,1.599904e-08,1.586580e+03,1.452001e+01,0.074000,21500
214,1.599904e-08,1.471237e+03,1.471643e+01,0.074000,21600
215,1.599904e-08,1.419713e+03,1.475017e+01,0.075000,21700
216,1.599904e-08,1.309818e+03,1.304379e+01,0.075000,21800
217,1.599904e-08,1.273190e+03,1.325959e+01,0.075000,21900
218,1.599904e-08,1.235922e+03,1.296718e+01,0.076000,22000
219,1.599904e-08,1.249280e+03,1.271093e+01,0.076000,22100
220,1.599904e-08,1.147518e+03,1.104381e+01,0.076000,22200
221,1.599904e-08,1.067482e+03,1.099183e+01,0.077000,22300
222,1.599904e-08,1.033769e+03,1.084717e+01,0.077000,22400
223,1.599904e-08,9.969542e+02,1.147607e+01,0.077000,22500
224,1.599904e-08,9.191201e+02,1.199982e+01,0.077000,22600
225,1.599904e-08,9.098957e+02,1.150572e+01,0.077000,22700
226,1.599904e-08,8.160139e+02,1.101127e+01,0.077000,22800
227,1.599904e-08,8.147093e+02,1.184026e+01,0.077000,22900
228,1.599904e-08,7.695510e+02,1.117689e+01,0.078000,23000
229,1.599904e-08,8.029025e+02,1.119774e+01,0.078000,23100
230,1.599904e-08,7.012361e+02,1.029328e+01,0.078000,23200
231,1.599904e-08,7.383990e+02,1.038240e+01,0.078000,23300
232,1.599904e-08,7.141255e+02,1.124091e+01,0.078000,23400
233,1.599904e-08,6.519032e+02,1.008567e+01,0.078000,23500
234,1.599904e-08,5.597350e+02,9.212751e+00,0.079000,23600
235,1.599904e-08,5.455671e+02,8.886714e+00,0.079000,23700
236,1.599904e-08,5.322132e+02,9.075487e+00,0.079000,23800
237,1.599904e-08,6.054683e+02,1.048319e+01,0.079000,23900
238,1.599904e-08,6.078707e+02,1.137805e+01,0.079000,24000
239,1.599904e-08,5.814218e+02,1.191387e+01,0.079000,24100
240,1.599904e-08,5.407580e+02,1.136099e+01,0.080000,24200
241,1.599904e-08,5.293340e+02,1.085097e+01,0.080000,24300
242,1.599904e-08,5.635484e+02,1.203175e+01,0.081000,24400
243,1.599904e-08,5.392770e+02,1.095679e+01,0.081000,24500
244,1.599904e-08,4.819417e+02,1.081073e+01,0.082000,24600
245,1.599904e-08,4.391651e+02,1.086435e+01,0.082000,24700
246,1.599904e-08,4.208491e+02,1.020816e+01,0.082000,24800
247,1.599904e-08,3.993485e+02,9.372082e+00,0.082000,24900
248,1.599904e-08,3.932494e+02,9.889034e+00,0.083000,25000
249,1.599904e-08,3.600510e+02,9.360506e+00,0.083000,25100
250,1.599904e-08,3.315186e+02,8.853883e+00,0.083000,25200
251,1.599904e-08,3.009943e+02,9.211207e+00,0.084000,25300
252,1.599904e-08,3.301584e+02,9.694413e+00,0.084000,25400
253,1.599904e-08,2.776221e+02,8.823117e+00,0.085000,25500
254,1.599904e-08,2.512771e+02,7.692739e+00,0.085000,25600
255,1.599904e-08,2.677866e+02,8.354594e+00,0.085000,25700
256,1.599904e-08,2.161607e+02,7.398186e+00,0.085000,25800
257,1.599904e-08,2.454700e+02,7.412558e+00,0.086000,25900
258,1.599904e-08,2.816351e+02,8.058566e+00,0.086000,26000
259,1.599904e-08,2.924821e+02,9.363540e+00,0.086000,26100
260,1.599904e-08,2.588236e+02,8.415017e+00,0.086000,26200
261,1.599904e-08,2.611547e+02,8.831870e+00,0.086000,26300
262,1.599904e-08,2.676015e+02,9.051281e+00,0.086000,26400
263,1.599904e-08,2.635358e+02,8.842633e+00,0.087000,26500
264,1.599904e-08,2.633860e+02,8.567651e+00,0.087000,26600
265,1.599904e-08,2.445963e+02,8.283086e+00,0.087000,26700
266,1.599904e-08,2.305444e+02,8.305099e+00,0.087000,26800
267,1.599904e-08,2.204968e+02,9.299096e+00,0.088000,26900
268,1.599904e-08,2.029810e+02,9.208791e+00,0.088000,27000
269,1.599904e-08,2.067894e+02,8.701702e+00,0.088000,27100
270,1.599904e-08,2.432490e+02,1.064555e+01,0.088000,27200
271,1.599904e-08,2.489649e+02,1.097238e+01,0.089000,27300
272,1.599904e-08,2.341109e+02,1.087351e+01,0.089000,27400
273,1.599904e-08,2.489590e+02,1.067374e+01,0.089000,27500
274,1.599904e-08,2.268984e+02,9.378550e+00,0.089000,27600
275,1.599904e-08,2.186255e+02,9.990566e+00,0.090000,27700
276,1.599904e-08,1.879596e+02,8.507964e+00,0.090000,27800
277,1.599904e-08,1.656430e+02,6.917591e+00,0.090000,27900
278,1.599904e-08,1.726958e+02,7.352613e+00,0.090000,28000
279,1.599904e-08,1.676943e+02,6.903154e+00,0.091000,28100
280,1.599904e-08,1.763203e+02,6.843646e+00,0.091000,28200
281,1.599904e-08,1.745477e+02,7.688712e+00,0.091000,28300
282,1.599904e-08,1.815089e+02,8.897032e+00,0.091000,28400
283,1.599904e-08,1.802343e+02,8.554753e+00,0.091000,28500
284,1.599904e-08,1.639724e+02,7.258533e+00,0.091000,28600
285,1.599904e-08,1.552075e+02,6.838943e+00,0.092000,28700
286,1.599904e-08,1.681449e+02,8.237760e+00,0.092000,28800
287,1.599904e-08,1.946826e+02,9.751288e+00,0.092000,28900
288,1.599904e-08,1.882867e+02,9.355991e+00,0.092000,29000
289,1.599904e-08,1.841520e+02,9.196254e+00,0.092000,29100
290,1.599904e-08,1.969254e+02,9.644926e+00,0.092000,29200
291,1.599904e-08,1.812819e+02,9.500059e+00,0.093000,29300
292,1.599904e-08,1.682638e+02,8.975829e+00,0.093000,29400
293,1.599904e-08,1.665757e+02,8.236201e+00,0.093000,29500
294,1.599904e-08,1.401303e+02,7.636259e+00,0.093000,29600
295,1.599904e-08,1.364284e+02,6.910675e+00,0.093000,29700
296,1.599904e-08,1.516648e+02,6.812322e+00,0.094000,29800
297,1.599904e-08,1.497400e+02,7.358840e+00,0.094000,29900
298,1.394261e-08,1.837532e+02,8.435166e+00,0.094000,30000
299,1.394261e-08,1.933364e+02,9.094509e+00,0.095000,30100
300,1.394261e-08,1.625063e+02,8.478204e+00,0.095000,30200
301,1.394261e-08,1.624802e+02,8.661665e+00,0.095000,30300
302,1.394261e-08,1.483800e+02,8.102316e+00,0.095000,30400
303,1.394261e-08,1.319890e+02,7.468632e+00,0.096000,30500
304,1.394261e-08,1.696093e+02,9.782945e+00,0.097000,30600
305,1.029255e-08,1.478002e+02,8.904950e+00,0.097000,30700
306,1.029255e-08,1.565033e+02,9.998729e+00,0.097000,30800
307,9.613117e-09,1.366191e+02,8.226181e+00,0.098000,30900
308,9.571849e-09,1.568802e+02,9.967840e+00,0.098000,31000
309,9.571849e-09,1.507982e+02,9.498868e+00,0.098000,31100
310,9.571849e-09,1.230903e+02,7.861275e+00,0.098000,31200
311,9.571849e-09,1.087686e+02,6.695373e+00,0.098000,31300
312,9.571849e-09,1.079124e+02,6.313339e+00,0.099000,31400
313,5.179011e-09,1.462349e+02,8.895689e+00,0.099000,31500
314,4.888193e-09,1.258107e+02,6.777929e+00,0.099000,31600
315,4.463338e-09,1.391314e+02,7.691913e+00,0.099000,31700
316,4.418311e-09,1.261485e+02,7.247667e+00,0.099000,31800
317,4.418311e-09,1.287528e+02,7.793092e+00,0.100000,31900
318,4.418311e-09,1.258358e+02,8.197032e+00,0.100000,32000
319,4.418311e-09,1.031519e+02,6.786200e+00,0.100000,32100
320,2.142080e-09,8.932586e+01,5.916471e+00,0.100000,32200
321,1.984262e-09,8.910589e+01,5.727620e+00,0.100000,32300
322,1.984262e-09,6.642315e+03,2.213957e+01,0.101000,32400
323,1.984262e-09,8.015014e+03,2.036923e+01,0.101000,32500
324,1.984262e-09,8.667907e+03,2.376144e+01,0.101000,32600
325,1.984262e-09,8.420070e+03,2.322112e+01,0.101000,32700
326,1.984262e-09,8.124830e+03,2.019222e+01,0.102000,32800
327,1.984262e-09,7.290390e+03,2.095386e+01,0.102000,32900
328,1.984262e-09,7.075617e+03,1.963831e+01,0.102000,33000
329,1.984262e-09,6.558508e+03,1.932858e+01,0.103000,33100
330,1.984262e-09,6.277068e+03,1.837540e+01,0.103000,33200
331,1.984262e-09,6.402073e+03,1.890861e+01,0.103000,33300
332,1.984262e-09,6.416576e+03,1.851037e+01,0.103000,33400
333,1.984262e-09,6.280706e+03,1.980912e+01,0.104000,33500
334,1.984262e-09,6.114012e+03,1.993035e+01,0.104000,33600
335,1.984262e-09,5.597022e+03,2.131360e+01,0.104000,33700
336,1.984262e-09,5.796540e+03,1.986217e+01,0.104000,33800
337,1.984262e-09,5.517966e+03,1.989171e+01,0.105000,33900
338,1.984262e-09,5.393782e+03,1.980667e+01,0.105000,34000
339,1.984262e-09,5.264808e+03,1.764641e+01,0.105000,34100
340,1.984262e-09,5.396841e+03,1.997524e+01,0.105000,34200
341,1.984262e-09,5.223575e+03,1.913741e+01,0.105000,34300
342,1.984262e-09,4.936516e+03,1.882548e+01,0.106000,34400
343,1.984262e-09,4.837379e+03,1.948006e+01,0.106000,34500
344,1.984262e-09,4.534060e+03,1.818686e+01,0.106000,34600
345,1.984262e-09,4.101940e+03,1.900664e+01,0.106000,34700
346,1.984262e-09,4.356941e+03,1.775145e+01,0.106000,34800
347,1.984262e-09,4.109063e+03,1.786992e+01,0.106000,34900
348,1.984262e-09,4.082446e+03,1.840136e+01,0.106000,35000
349,1.984262e-09,3.810911e+03,1.679095e+01,0.107000,35100
350,1.984262e-09,3.413081e+03,1.813237e+01,0.107000,35200
351,1.984262e-09,3.321948e+03,1.651942e+01,0.107000,35300
352,1.984262e-09,3.270915e+03,1.783718e+01,0.107000,35400
353,1.984262e-09,3.190219e+03,1.598702e+01,0.107000,35500
354,1.984262e-09,3.012975e+03,1.618394e+01,0.108000,35600
355,1.984262e-09,2.961047e+03,1.549237e+01,0.108000,35700
356,1.984262e-09,2.824867e+03,1.540302e+01,0.108000,35800
357,1.984262e-09,2.724717e+03,1.442992e+01,0.109000,35900
358,1.984262e-09,2.621009e+03,1.600085e+01,0.109000,36000
359,1.984262e-09,2.541514e+03,1.477212e+01,0.109000,36100
360,1.984262e-09,2.207535e+03,1.371760e+01,0.109000,36200
361,1.984262e-09,2.227234e+03,1.446618e+01,0.110000,36300
362,1.984262e-09,2.163320e+03,1.330924e+01,0.110000,36400
363,1.984262e-09,2.211954e+03,1.519963e+01,0.110000,36500
364,1.984262e-09,2.089508e+03,1.524515e+01,0.110000,36600
365,1.984262e-09,2.133985e+03,1.351719e+01,0.110000,36700
366,1.984262e-09,2.004360e+03,1.448968e+01,0.111000,36800
367,1.984262e-09,1.832036e+03,1.451860e+01,0.111000,36900
368,1.984262e-09,1.876979e+03,1.402390e+01,0.112000,37000
369,1.984262e-09,1.698538e+03,1.356132e+01,0.112000,37100
370,1.984262e-09,1.753572e+03,1.443045e+01,0.112000,37200
371,1.984262e-09,1.827496e+03,1.514565e+01,0.112000,37300
372,1.984262e-09,1.690306e+03,1.386368e+01,0.112000,37400
373,1.984262e-09,1.543081e+03,1.308380e+01,0.112000,37500
374,1.984262e-09,1.505160e+03,1.284379e+01,0.113000,37600
375,1.984262e-09,1.418262e+03,1.231168e+01,0.113000,37700
376,1.984262e-09,1.399663e+03,1.291524e+01,0.113000,37800
377,1.984262e-09,1.451281e+03,1.278631e+01,0.113000,37900
378,1.984262e-09,1.317534e+03,1.120630e+01,0.113000,38000
379,1.984262e-09,1.249281e+03,1.165548e+01,0.113000,38100
380,1.984262e-09,1.107451e+03,1.106181e+01,0.114000,38200
381,1.984262e-09,1.112457e+03,1.143105e+01,0.114000,38300
382,1.984262e-09,9.566829e+02,1.047059e+01,0.114000,38400
383,1.984262e-09,8.785623e+02,1.030480e+01,0.114000,38500
384,1.984262e-09,8.139305e+02,9.494273e+00,0.115000,38600
385,1.984262e-09,8.943044e+02,1.052902e+01,0.115000,38700
386,1.984262e-09,8.178676e+02,9.814592e+00,0.115000,38800
387,1.984262e-09,7.578578e+02,1.053855e+01,0.116000,38900
388,1.984262e-09,7.012186e+02,1.080635e+01,0.116000,39000
389,1.984262e-09,6.361132e+02,1.024635e+01,0.116000,39100
390,1.984262e-09,6.534254e+02,1.047404e+01,0.117000,39200
391,1.984262e-09,6.116114e+02,1.051656e+01,0.117000,39300
392,1.984262e-09,6.724885e+02,1.085788e+01,0.117000,39400
393,1.984262e-09,6.152112e+02,9.993068e+00,0.117000,39500
394,1.984262e-09,5.428494e+02,1.029152e+01,0.118000,39600
395,1.984262e-09,6.056967e+02,1.087209e+01,0.118000,39700
396,1.984262e-09,5.934133e+02,9.967771e+00,0.118000,39800
397,1.984262e-09,5.237587e+02,8.524395e+00,0.118000,39900
398,1.984262e-09,5.431517e+02,8.859495e+00,0.119000,40000
399,1.984262e-09,5.161658e+02,9.250060e+00,0.119000,40100
400,1.984262e-09,4.019257e+02,7.890420e+00,0.119000,40200
401,1.984262e-09,3.791297e+02,7.968855e+00,0.119000,40300
402,1.984262e-09,3.175152e+02,6.995207e+00,0.119000,40400
403,1.984262e-09,3.477139e+02,6.971436e+00,0.120000,40500
404,1.984262e-09,3.520722e+02,7.301731e+00,0.120000,40600
405,1.984262e-09,3.112096e+02,6.839290e+00,0.120000,40700
406,1.984262e-09,3.058555e+02,7.705488e+00,0.120000,40800
407,1.984262e-09,2.710313e+02,7.701453e+00,0.120000,40900
408,1.984262e-09,2.222701e+02,6.552032e+00,0.121000,41000
409,1.984262e-09,2.290150e+02,7.185460e+00,0.121000,41100
410,1.984262e-09,2.426842e+02,8.073161e+00,0.121000,41200
411,1.984262e-09,2.513955e+02,7.781382e+00,0.121000,41300
412,1.984262e-09,2.365665e+02,8.850434e+00,0.122000,41400
413,1.984262e-09,2.036672e+02,8.809806e+00,0.122000,41500
414,1.984262e-09,1.534568e+02,7.364706e+00,0.122000,41600
415,1.984262e-09,1.515461e+02,7.496113e+00,0.123000,41700
416,1.984262e-09,1.505488e+02,7.221445e+00,0.123000,41800
417,1.984262e-09,1.715773e+02,6.695370e+00,0.123000,41900
418,1.984262e-09,1.595339e+02,5.824135e+00,0.124000,42000
419,1.984262e-09,1.338557e+02,5.015686e+00,0.124000,42100
420,1.984262e-09,1.147057e+02,5.074817e+00,0.124000,42200
421,1.984262e-09,1.028446e+02,4.724643e+00,0.125000,42300
422,1.984262e-09,8.420714e+01,3.368948e+00,0.125000,42400
423,1.984262e-09,1.137730e+02,3.985628e+00,0.126000,42500
424,1.984262e-09,1.207034e+02,4.006013e+00,0.126000,42600
425,1.984262e-09,1.176596e+02,4.974204e+00,0.126000,42700
426,1.984262e-09,9.293852e+01,4.319438e+00,0.127000,42800
427,1.984262e-09,7.691017e+01,4.253897e+00,0.127000,42900
428,1.984262e-09,4.205885e+01,2.381468e+00,0.128000,43000
429,1.984262e-09,4.806111e+01,2.695713e+00,0.128000,43100
430,1.984262e-09,7.440120e+01,4.130609e+00,0.128000,43200
431,1.984262e-09,7.204408e+01,4.014592e+00,0.128000,43300
432,1.984262e-09,9.110078e+01,4.183526e+00,0.129000,43400
433,1.984262e-09,8.703453e+01,3.964808e+00,0.129000,43500
434,1.984262e-09,7.965334e+01,3.978238e+00,0.130000,43600
435,1.984262e-09,5.984750e+01,3.235051e+00,0.130000,43700
436,1.984262e-09,4.927730e+01,2.561773e+00,0.131000,43800
437,1.984262e-09,4.624814e+01,2.533361e+00,0.131000,43900
438,1.984262e-09,3.028865e+01,1.970026e+00,0.131000,44000
439,1.984262e-09,3.626859e+01,2.121695e+00,0.132000,44100
440,1.984262e-09,2.913807e+01,2.086775e+00,0.132000,44200
441,1.984262e-09,4.253259e+01,2.806818e+00,0.133000,44300
442,1.984262e-09,2.441107e+01,1.939502e+00,0.133000,44400
443,1.984262e-09,1.611668e+01,1.006640e+00,0.133000,44500
444,1.984262e-09,2.126861e+01,1.686831e+00,0.134000,44600
445,1.984262e-09,2.583734e+01,1.991997e+00,0.134000,44700
446,1.984262e-09,1.493936e+01,7.968987e-01,0.134000,44800
447,1.984262e-09,1.797859e+01,1.110576e+00,0.134000,44900
448,1.984262e-09,2.056371e+01,1.345245e+00,0.134000,45000
449,1.984262e-09,1.909131e+01,1.284751e+00,0.135000,45100
450,1.984262e-09,1.497441e+01,9.513970e-01,0.135000,45200
451,1.984262e-09,1.224821e+01,7.028899e-01,0.135000,45300
452,1.984262e-09,1.042183e+01,5.187679e-01,0.135000,45400
453,1.984262e-09,8.902715e+00,4.044028e-01,0.136000,45500
454,1.984262e-09,1.156673e+01,6.779633e-01,0.136000,45600
455,1.984262e-09,1.575895e+01,1.163848e+00,0.136000,45700
456,1.984262e-09,2.122315e+01,1.834152e+00,0.137000,45800
457,1.984262e-09,2.236221e+01,1.985932e+00,0.137000,45900
458,1.984262e-09,2.280041e+01,2.036313e+00,0.137000,46000
459,1.984262e-09,2.357240e+01,2.037891e+00,0.138000,46100
460,1.984262e-09,2.269371e+01,1.987612e+00,0.138000,46200
461,1.984262e-09,1.958454e+01,1.759940e+00,0.138000,46300
462,1.984262e-09,1.603690e+01,1.500449e+00,0.138000,46400
463,1.984262e-09,1.512983e+01,1.441707e+00,0.139000,46500
464,1.984262e-09,1.437701e+01,1.236108e+00,0.139000,46600
465,1.984262e-09,1.682998e+01,1.147895e+00,0.139000,46700
466,1.984262e-09,2.083425e+01,1.499621e+00,0.139000,46800
467,1.984262e-09,2.308812e+01,1.799437e+00,0.140000,46900
468,1.984262e-09,2.428652e+01,1.988174e+00,0.140000,47000
469,1.984262e-09,2.507560e+01,1.862455e+00,0.140000,47100
470,1.984262e-09,2.378096e+01,1.683859e+00,0.140000,47200
471,1.984262e-09,1.737615e+01,1.642419e+00,0.140000,47300
472,8.190497e-10,2.099138e+01,1.932560e+00,0.141000,47400
473,8.190497e-10,2.478373e+01,1.988417e+00,0.141000,47500
474,8.190497e-10,2.851087e+01,2.084337e+00,0.141000,47600
475,8.190497e-10,2.974515e+01,2.157501e+00,0.141000,47700
476,8.190497e-10,2.829592e+01,2.125923e+00,0.141000,47800
477,7.495231e-10,2.662861e+01,2.096410e+00,0.141000,47900
478,7.079279e-10,2.367275e+01,2.049324e+00,0.142000,48000
479,6.646985e-10,2.005079e+01,1.964039e+00,0.142000,48100
480,5.541736e-10,1.999499e+01,1.933464e+00,0.142000,48200
481,3.440732e-10,2.077164e+01,1.905878e+00,0.142000,48300
482,3.440732e-10,2.130258e+01,1.854026e+00,0.143000,48400
483,3.440732e-10,6.686585e+03,2.032630e+01,0.145000,48500
484,3.440732e-10,8.138406e+03,2.060252e+01,0.145000,48600
485,3.440732e-10,8.828070e+03,2.275696e+01,0.146000,48700
486,3.440732e-10,8.667093e+03,2.360114e+01,0.146000,48800
487,3.440732e-10,8.316406e+03,2.324445e+01,0.147000,48900
488,3.440732e-10,7.077516e+03,2.167155e+01,0.147000,49000
489,3.440732e-10,7.083823e+03,1.872844e+01,0.147000,49100
490,3.440732e-10,6.351757e+03,1.932430e+01,0.147000,49200
491,3.440732e-10,6.527015e+03,1.909582e+01,0.148000,49300
492,3.440732e-10,6.376133e+03,2.066039e+01,0.148000,49400
493,3.440732e-10,6.298148e+03,2.278538e+01,0.148000,49500
494,3.440732e-10,6.499601e+03,2.204971e+01,0.148000,49600
495,3.440732e-10,5.986853e+03,1.962937e+01,0.148000,49700
496,3.440732e-10,5.879833e+03,1.783144e+01,0.148000,49800
497,3.440732e-10,5.578315e+03,1.838398e+01,0.149000,49900
498,3.440732e-10,5.356359e+03,1.725501e+01,0.149000,50000
499,3.440732e-10,5.251611e+03,1.849416e+01,0.149000,50100
500,3.440732e-10,5.399208e+03,1.817262e+01,0.149000,50200
501,3.440732e-10,5.005215e+03,1.934790e+01,0.150000,50300
502,3.440732e-10,4.923365e+03,1.869718e+01,0.150000,50400
503,3.440732e-10,4.881965e+03,1.937988e+01,0.150000,50500
504,3.440732e-10,4.698352e+03,1.971107e+01,0.150000,50600
505,3.440732e-10,4.629415e+03,1.908308e+01,0.150000,50700
506,3.440732e-10,4.520187e+03,1.833003e+01,0.151000,50800
507,3.440732e-10,4.552213e+03,1.644860e+01,0.151000,50900
508,3.440732e-10,4.322013e+03,1.732540e+01,0.151000,51000
509,3.440732e-10,4.197967e+03,1.834367e+01,0.151000,51100
510,3.440732e-10,4.041768e+03,1.730321e+01,0.152000,51200
511,3.440732e-10,4.243409e+03,1.608309e+01,0.152000,51300
512,3.440732e-10,3.836792e+03,1.483866e+01,0.152000,51400
513,3.440732e-10,3.875203e+03,1.605349e+01,0.152000,51500
514,3.440732e-10,3.687280e+03,1.622367e+01,0.153000,51600
515,3.440732e-10,3.763915e+03,1.889550e+01,0.153000,51700
516,3.440732e-10,3.575357e+03,1.746687e+01,0.153000,51800
517,3.440732e-10,3.212770e+03,1.722555e+01,0.153000,51900
518,3.440732e-10,3.102564e+03,1.536219e+01,0.153000,52000
519,3.440732e-10,2.908406e+03,1.389795e+01,0.153000,52100
520,3.440732e-10,2.656125e+03,1.423351e+01,0.154000,52200
521,3.440732e-10,2.571833e+03,1.511361e+01,0.154000,52300
522,3.440732e-10,2.628105e+03,1.669141e+01,0.154000,52400
523,3.440732e-10,2.573153e+03,1.548024e+01,0.154000,52500
524,3.440732e-10,2.437420e+03,1.457224e+01,0.154000,52600
525,3.440732e-10,2.300306e+03,1.587440e+01,0.154000,52700
526,3.440732e-10,2.145248e+03,1.523542e+01,0.155000,52800
527,3.440732e-10,2.132923e+03,1.329147e+01,0.155000,52900
528,3.440732e-10,2.021486e+03,1.423493e+01,0.155000,53000
529,3.440732e-10,2.118947e+03,1.500805e+01,0.155000,53100
530,3.440732e-10,2.035612e+03,1.514522e+01,0.155000,53200
531,3.440732e-10,1.836546e+03,1.331701e+01,0.155000,53300
532,3.440732e-10,1.622869e+03,1.140112e+01,0.155000,53400
533,3.440732e-10,1.439514e+03,1.232470e+01,0.156000,53500
534,3.440732e-10,1.424463e+03,1.241806e+01,0.156000,53600
535,3.440732e-10,1.308483e+03,1.160074e+01,0.156000,53700
536,3.440732e-10,1.330628e+03,1.169888e+01,0.156000,53800
537,3.440732e-10,1.346126e+03,1.151557e+01,0.157000,53900
538,3.440732e-10,1.393469e+03,1.320441e+01,0.157000,54000
539,3.440732e-10,1.344926e+03,1.272408e+01,0.157000,54100
540,3.440732e-10,1.142322e+03,1.140167e+01,0.157000,54200
541,3.440732e-10,1.011037e+03,1.134375e+01,0.158000,54300
542,3.440732e-10,9.581029e+02,9.886388e+00,0.158000,54400
543,3.440732e-10,8.344753e+02,9.312206e+00,0.158000,54500
544,3.440732e-10,8.484571e+02,9.860096e+00,0.158000,54600
545,3.440732e-10,7.767765e+02,9.393447e+00,0.159000,54700
546,3.440732e-10,7.276638e+02,9.460235e+00,0.159000,54800
547,3.440732e-10,6.779181e+02,8.282317e+00,0.159000,54900
548,3.440732e-10,6.915536e+02,9.043400e+00,0.160000,55000
549,3.440732e-10,6.409558e+02,8.084493e+00,0.160000,55100
550,3.440732e-10,5.635682e+02,7.119852e+00,0.160000,55200
551,3.440732e-10,5.946159e+02,8.415235e+00,0.160000,55300
552,3.440732e-10,6.031083e+02,9.880199e+00,0.161000,55400
553,3.440732e-10,5.389385e+02,8.867172e+00,0.161000,55500
554,3.440732e-10,5.131990e+02,8.524884e+00,0.161000,55600
555,3.440732e-10,4.880862e+02,7.673637e+00,0.161000,55700
556,3.440732e-10,4.123465e+02,6.495371e+00,0.161000,55800
557,3.440732e-10,4.179507e+02,6.323671e+00,0.161000,55900
558,3.440732e-10,4.267868e+02,6.650640e+00,0.161000,56000
559,3.440732e-10,3.638038e+02,6.337067e+00,0.162000,56100
560,3.440732e-10,3.670989e+02,6.298117e+00,0.162000,56200
561,3.440732e-10,3.334319e+02,5.699442e+00,0.162000,56300
562,3.440732e-10,2.775919e+02,4.792936e+00,0.162000,56400
563,3.440732e-10,2.522793e+02,5.131711e+00,0.162000,56500
564,3.440732e-10,2.131296e+02,4.446854e+00,0.162000,56600
565,3.440732e-10,1.992479e+02,4.524944e+00,0.163000,56700
566,3.440732e-10,1.652189e+02,3.832942e+00,0.163000,56800
567,3.440732e-10,1.886289e+02,4.469549e+00,0.163000,56900
568,3.440732e-10,1.482967e+02,3.952323e+00,0.164000,57000
569,3.440732e-10,1.246732e+02,3.607883e+00,0.165000,57100
570,3.440732e-10,1.213202e+02,3.289573e+00,0.165000,57200
571,3.440732e-10,1.466481e+02,3.870917e+00,0.166000,57300
572,3.440732e-10,1.166530e+02,3.078508e+00,0.166000,57400
573,3.440732e-10,1.107562e+02,3.305411e+00,0.167000,57500
574,3.440732e-10,9.602372e+01,2.560571e+00,0.167000,57600
575,3.440732e-10,9.755141e+01,3.086928e+00,0.167000,57700
576,3.440732e-10,1.030010e+02,3.133864e+00,0.167000,57800
577,3.440732e-10,8.298181e+01,2.588653e+00,0.167000,57900
578,3.440732e-10,9.361819e+01,3.220359e+00,0.168000,58000
579,3.440732e-10,1.074819e+02,3.653081e+00,0.168000,58100
580,3.440732e-10,9.001904e+01,3.148683e+00,0.168000,58200
581,3.440732e-10,7.753580e+01,2.722954e+00,0.168000,58300
582,3.440732e-10,7.124247e+01,2.590355e+00,0.168000,58400
583,3.440732e-10,6.762773e+01,2.863794e+00,0.168000,58500
584,3.440732e-10,5.208678e+01,1.773638e+00,0.169000,58600
585,3.440732e-10,3.389356e+01,8.009787e-01,0.169000,58700
586,3.440732e-10,2.658934e+01,6.286625e-01,0.169000,58800
587,3.440732e-10,2.910149e+01,9.796360e-01,0.169000,58900
588,3.440732e-10,3.177552e+01,1.639150e+00,0.169000,59000
589,3.440732e-10,2.791725e+01,1.606732e+00,0.170000,59100
590,3.440732e-10,2.329167e+01,1.365005e+00,0.170000,59200
591,3.440732e-10,1.584143e+01,6.493348e-01,0.170000,59300
592,3.440732e-10,1.160785e+01,3.856444e-01,0.170000,59400
593,3.440732e-10,1.709806e+01,6.312810e-01,0.170000,59500
594,3.440732e-10,3.321819e+01,2.012923e+00,0.171000,59600
595,3.440732e-10,3.384412e+01,2.085546e+00,0.171000,59700
596,3.440732e-10,3.241125e+01,2.042110e+00,0.171000,59800
597,3.440732e-10,2.917392e+01,1.847788e+00,0.172000,59900
598,3.440732e-10,2.306057e+01,1.341040e+00,0.172000,60000
599,3.440732e-10,1.471470e+01,7.200791e-01,0.172000,60100
600,3.440732e-10,6.326355e+00,3.083372e-01,0.172000,60200
601,3.440732e-10,1.255974e+01,8.658692e-01,0.173000,60300
602,3.440732e-10,9.583851e+00,7.414999e-01,0.173000,60400
603,3.440732e-10,7.689445e+00,5.446514e-01,0.173000,60500
604,3.440732e-10,5.671705e+00,2.207022e-01,0.173000,60600
605,3.440732e-10,4.545730e+00,1.592790e-01,0.173000,60700
606,3.440732e-10,5.086037e+00,2.193582e-01,0.174000,60800
607,3.440732e-10,5.030857e+00,2.614293e-01,0.174000,60900
608,3.440732e-10,4.355174e+00,2.293857e-01,0.174000,61000
609,3.440732e-10,3.717667e+00,1.776870e-01,0.174000,61100
610,3.440732e-10,2.947462e+00,1.294309e-01,0.174000,61200
611,3.440732e-10,2.683393e+00,1.787373e-01,0.175000,61300
612,3.440732e-10,3.674659e+00,2.941914e-01,0.175000,61400
613,3.440732e-10,4.757765e+00,3.526007e-01,0.175000,61500
614,3.440732e-10,5.445913e+00,3.423255e-01,0.175000,61600
615,3.440732e-10,5.808005e+00,3.127229e-01,0.176000,61700
616,3.440732e-10,4.399199e+00,2.613013e-01,0.176000,61800
617,3.440732e-10,3.208764e+00,2.165174e-01,0.176000,61900
618,3.440732e-10,1.705486e+00,1.134644e-01,0.176000,62000
619,3.440732e-10,5.668967e-01,2.881325e-02,0.176000,62100
620,3.440732e-10,5.048950e-01,1.809466e-02,0.176000,62200
621,3.440732e-10,1.375710e+00,1.053983e-01,0.177000,62300
622,3.440732e-10,4.168011e+00,3.290436e-01,0.177000,62400
623,3.440732e-10,6.799231e+00,4.736005e-01,0.177000,62500
624,3.440732e-10,7.309624e+00,5.094463e-01,0.177000,62600
625,3.440732e-10,6.107618e+00,4.410132e-01,0.178000,62700
626,3.440732e-10,3.179123e+00,2.634482e-01,0.178000,62800
627,3.440732e-10,1.493756e+00,1.372007e-01,0.178000,62900
628,3.440732e-10,2.497032e+00,1.786593e-01,0.178000,63000
629,3.440732e-10,4.700591e+00,4.327280e-01,0.179000,63100
630,3.440732e-10,9.400438e+00,9.312565e-01,0.179000,63200
631,3.440732e-10,1.397457e+01,1.383057e+00,0.179000,63300
632,3.440732e-10,1.653568e+01,1.603115e+00,0.179000,63400
633,3.440732e-10,1.678920e+01,1.564015e+00,0.180000,63500
634,3.440732e-10,1.339226e+01,1.182683e+00,0.180000,63600
635,3.440732e-10,5.733794e+00,4.152314e-01,0.180000,63700
636,3.440732e-10,2.129109e+00,1.738380e-01,0.180000,63800
637,3.440732e-10,1.120588e+00,9.118046e-02,0.180000,63900
638,3.440732e-10,2.101174e-01,1.364304e-02,0.181000,64000
639,3.440732e-10,2.688251e-01,1.588734e-02,0.181000,64100
640,3.440732e-10,6.491995e-01,6.017386e-02,0.181000,64200
641,3.440732e-10,1.467265e+00,1.413597e-01,0.181000,64300
642,3.440732e-10,3.033709e+00,2.861541e-01,0.181000,64400
643,3.440732e-10,4.728186e+00,4.533527e-01,0.181000,64500
644,3.440732e-10,6.359894e+03,2.079538e+01,0.182000,64600
645,3.440732e-10,8.146364e+03,2.175578e+01,0.182000,64700
646,3.440732e-10,8.816301e+03,2.432508e+01,0.182000,64800
647,3.440732e-10,8.525238e+03,2.344325e+01,0.182000,64900
648,3.440732e-10,7.818683e+03,2.277352e+01,0.182000,65000
649,3.440732e-10,7.011607e+03,2.343947e+01,0.182000,65100
650,3.440732e-10,6.667822e+03,2.012535e+01,0.183000,65200
651,3.440732e-10,6.395796e+03,1.871781e+01,0.183000,65300
652,3.440732e-10,6.232756e+03,1.787463e+01,0.183000,65400
653,3.440732e-10,6.326776e+03,2.044594e+01,0.183000,65500
654,3.440732e-10,6.395097e+03,2.123436e+01,0.183000,65600
655,3.440732e-10,6.027750e+03,2.101625e+01,0.183000,65700
656,3.440732e-10,5.801937e+03,2.044332e+01,0.184000,65800
657,3.440732e-10,5.888811e+03,1.952546e+01,0.184000,65900
658,3.440732e-10,5.664507e+03,2.011345e+01,0.184000,66000
659,3.440732e-10,5.337666e+03,1.939548e+01,0.185000,66100
660,3.440732e-10,5.195703e+03,1.777984e+01,0.185000,66200
661,3.440732e-10,5.134683e+03,1.791828e+01,0.185000,66300
662,3.440732e-10,4.780151e+03,1.787709e+01,0.185000,66400
663,3.440732e-10,4.674057e+03,1.881555e+01,0.186000,66500
664,3.440732e-10,4.571566e+03,1.817781e+01,0.186000,66600
665,3.440732e-10,4.708088e+03,1.868001e+01,0.186000,66700
666,3.440732e-10,4.512795e+03,1.847458e+01,0.186000,66800
667,3.440732e-10,4.403462e+03,1.571406e+01,0.187000,66900
668,3.440732e-10,4.310985e+03,1.578693e+01,0.187000,67000
669,3.440732e-10,3.935932e+03,1.723889e+01,0.187000,67100
670,3.440732e-10,3.693185e+03,1.615305e+01,0.187000,67200
671,3.440732e-10,3.486870e+03,1.745403e+01,0.187000,67300
672,3.440732e-10,3.512393e+03,1.758319e+01,0.188000,67400
673,3.440732e-10,3.321759e+03,1.618241e+01,0.188000,67500
674,3.440732e-10,3.181750e+03,1.549335e+01,0.188000,67600
675,3.440732e-10,3.427068e+03,1.720901e+01,0.188000,67700
676,3.440732e-10,3.321283e+03,1.594037e+01,0.188000,67800
677,3.440732e-10,3.067355e+03,1.459069e+01,0.188000,67900
678,3.440732e-10,2.788221e+03,1.406451e+01,0.189000,68000
679,3.440732e-10,2.465264e+03,1.427417e+01,0.189000,68100
680,3.440732e-10,2.489382e+03,1.516377e+01,0.189000,68200
681,3.440732e-10,2.353776e+03,1.461043e+01,0.189000,68300
682,3.440732e-10,2.248324e+03,1.455772e+01,0.189000,68400
683,3.440732e-10,2.034699e+03,1.510618e+01,0.189000,68500
684,3.440732e-10,2.106826e+03,1.387019e+01,0.190000,68600
685,3.440732e-10,2.067981e+03,1.513654e+01,0.190000,68700
686,3.440732e-10,1.906787e+03,1.519120e+01,0.190000,68800
687,3.440732e-10,1.888143e+03,1.467426e+01,0.190000,68900
688,3.440732e-10,1.826882e+03,1.343537e+01,0.190000,69000
689,3.440732e-10,1.776369e+03,1.362114e+01,0.190000,69100
690,3.440732e-10,1.653920e+03,1.273813e+01,0.191000,69200
691,3.440732e-10,1.478576e+03,1.242214e+01,0.191000,69300
692,3.440732e-10,1.380662e+03,1.239745e+01,0.192000,69400
693,3.440732e-10,1.280436e+03,1.237731e+01,0.193000,69500
694,3.440732e-10,1.205616e+03,1.072500e+01,0.193000,69600
695,3.440732e-10,1.025861e+03,1.012727e+01,0.193000,69700
696,3.440732e-10,1.006928e+03,1.108447e+01,0.193000,69800
697,3.440732e-10,1.076010e+03,1.124692e+01,0.194000,69900
698,3.440732e-10,1.100507e+03,1.061244e+01,0.194000,70000
699,3.440732e-10,9.174286e+02,1.000249e+01,0.194000,70100
700,3.440732e-10,7.965053e+02,8.345305e+00,0.194000,70200
701,3.440732e-10,8.158678e+02,8.907931e+00,0.195000,70300
702,3.440732e-10,8.106768e+02,9.307083e+00,0.195000,70400
703,3.440732e-10,7.980306e+02,9.547839e+00,0.195000,70500
704,3.440732e-10,7.239649e+02,8.848540e+00,0.195000,70600
705,3.440732e-10,5.385534e+02,7.049087e+00,0.195000,70700
706,3.440732e-10,5.230814e+02,7.592134e+00,0.196000,70800
707,3.440732e-10,5.578678e+02,7.780539e+00,0.196000,70900
708,3.440732e-10,4.980172e+02,6.897327e+00,0.196000,71000
709,3.440732e-10,5.057871e+02,6.877336e+00,0.196000,71100
710,3.440732e-10,5.376217e+02,8.407988e+00,0.196000,71200
711,3.440732e-10,4.513079e+02,7.684023e+00,0.196000,71300
712,3.440732e-10,4.086929e+02,7.320512e+00,0.197000,71400
713,3.440732e-10,3.872380e+02,7.288632e+00,0.197000,71500
714,3.440732e-10,3.835410e+02,7.039357e+00,0.197000,71600
715,3.440732e-10,3.648750e+02,6.073834e+00,0.197000,71700
716,3.440732e-10,3.659646e+02,6.679325e+00,0.197000,71800
717,3.440732e-10,3.825887e+02,7.317692e+00,0.198000,71900
718,3.440732e-10,3.146744e+02,6.119110e+00,0.198000,72000
719,3.440732e-10,3.014737e+02,5.613361e+00,0.198000,72100
720,3.440732e-10,2.622525e+02,5.436600e+00,0.199000,72200
721,3.440732e-10,2.113575e+02,4.641150e+00,0.199000,72300
722,3.440732e-10,2.110701e+02,4.266296e+00,0.199000,72400
723,3.440732e-10,2.306035e+02,5.469649e+00,0.199000,72500
724,3.440732e-10,2.092611e+02,4.644197e+00,0.200000,72600
725,3.440732e-10,2.144769e+02,5.320600e+00,0.200000,72700
726,3.440732e-10,1.557978e+02,3.627172e+00,0.200000,72800
727,3.440732e-10,1.508054e+02,3.534889e+00,0.200000,72900
728,3.440732e-10,1.472228e+02,3.593998e+00,0.201000,73000
729,3.440732e-10,1.833577e+02,5.133542e+00,0.201000,73100
730,3.440732e-10,1.758258e+02,4.747762e+00,0.201000,73200
731,3.440732e-10,1.576815e+02,4.340072e+00,0.201000,73300
732,3.440732e-10,1.436613e+02,3.660218e+00,0.201000,73400
733,3.440732e-10,1.296785e+02,3.688600e+00,0.202000,73500
734,3.440732e-10,9.426220e+01,2.999127e+00,0.202000,73600
735,3.440732e-10,7.678407e+01,2.524911e+00,0.202000,73700
736,3.440732e-10,1.007287e+02,3.221098e+00,0.202000,73800
737,3.440732e-10,1.061727e+02,3.527160e+00,0.202000,73900
738,3.440732e-10,1.032776e+02,3.699781e+00,0.202000,74000
739,3.440732e-10,7.625261e+01,2.804656e+00,0.203000,74100
740,3.440732e-10,7.549768e+01,2.982737e+00,0.203000,74200
741,3.440732e-10,8.765159e+01,3.564239e+00,0.203000,74300
742,3.440732e-10,6.669904e+01,2.628713e+00,0.203000,74400
743,3.440732e-10,4.101246e+01,1.508957e+00,0.203000,74500
744,3.440732e-10,4.317364e+01,1.837985e+00,0.203000,74600
745,3.440732e-10,4.199395e+01,2.032001e+00,0.203000,74700
746,3.440732e-10,3.923653e+01,1.943291e+00,0.204000,74800
747,3.440732e-10,3.812670e+01,1.820780e+00,0.204000,74900
748,3.440732e-10,3.880345e+01,1.737724e+00,0.204000,75000
749,3.440732e-10,3.318376e+01,1.570886e+00,0.204000,75100
750,3.440732e-10,2.825520e+01,1.328034e+00,0.204000,75200
751,3.440732e-10,2.683131e+01,1.232494e+00,0.205000,75300
752,3.440732e-10,2.457818e+01,1.134403e+00,0.205000,75400
753,3.440732e-10,2.597340e+01,1.258877e+00,0.205000,75500
754,3.440732e-10,3.084829e+01,1.746218e+00,0.206000,75600
755,3.440732e-10,2.921071e+01,1.665500e+00,0.206000,75700
756,3.440732e-10,2.675599e+01,1.412927e+00,0.206000,75800
757,3.440732e-10,1.863008e+01,1.207778e+00,0.206000,75900
758,3.440732e-10,1.441172e+01,1.191571e+00,0.207000,76000
759,3.440732e-10,1.291087e+01,1.060577e+00,0.207000,76100
760,3.440732e-10,8.077101e+00,5.584407e-01,0.208000,76200
761,3.440732e-10,2.908579e+00,9.077643e-02,0.208000,76300
762,3.440732e-10,2.909186e+00,1.026470e-01,0.209000,76400
763,3.440732e-10,4.460160e+00,2.182004e-01,0.209000,76500
764,3.440732e-10,4.940754e+00,2.947374e-01,0.209000,76600
765,3.440732e-10,5.074306e+00,3.398664e-01,0.209000,76700
766,3.440732e-10,4.454387e+00,2.803579e-01,0.210000,76800
767,3.440732e-10,2.895370e+00,1.599702e-01,0.210000,76900
768,3.440732e-10,2.352065e+00,1.262738e-01,0.210000,77000
769,3.440732e-10,1.790309e+00,7.878193e-02,0.210000,77100
770,3.440732e-10,1.686868e+00,6.173010e-02,0.210000,77200
771,3.440732e-10,1.786931e+00,8.355503e-02,0.211000,77300
772,3.440732e-10,1.948670e+00,1.089304e-01,0.211000,77400
773,3.440732e-10,2.126678e+00,1.288348e-01,0.211000,77500
774,3.440732e-10,1.545622e+00,8.091999e-02,0.211000,77600
775,3.440732e-10,9.342098e-01,3.150898e-02,0.211000,77700
776,3.440732e-10,6.369499e-01,2.298823e-02,0.212000,77800
777,3.440732e-10,8.924817e-01,4.635162e-02,0.212000,77900
778,3.440732e-10,2.148650e+00,1.627129e-01,0.212000,78000
779,3.440732e-10,3.142466e+00,2.243205e-01,0.213000,78100
780,3.440732e-10,3.786109e+00,2.567699e-01,0.213000,78200
781,3.440732e-10,4.363414e+00,2.988024e-01,0.214000,78300
782,3.440732e-10,4.006893e+00,2.828086e-01,0.214000,78400
783,3.440732e-10,2.322184e+00,1.613211e-01,0.214000,78500
784,3.440732e-10,9.777743e-01,6.446099e-02,0.215000,78600
785,3.440732e-10,1.176614e+00,7.797675e-02,0.215000,78700
786,3.440732e-10,3.925801e+00,2.435659e-01,0.215000,78800
787,3.440732e-10,6.224382e+00,3.954634e-01,0.216000,78900
788,3.440732e-10,9.331371e+00,7.129421e-01,0.216000,79000
789,3.440732e-10,7.214116e+00,6.009822e-01,0.216000,79100
790,3.440732e-10,3.299845e+00,2.869293e-01,0.216000,79200
791,3.440732e-10,5.903850e-01,4.171828e-02,0.216000,79300
792,3.440732e-10,2.708703e-01,1.247686e-02,0.217000,79400
793,3.440732e-10,2.028088e-01,1.149810e-02,0.217000,79500
794,3.440732e-10,1.473898e-01,8.325232e-03,0.217000,79600
795,3.440732e-10,6.509851e-02,3.221479e-03,0.217000,79700
796,3.440732e-10,3.214973e-02,1.466501e-03,0.217000,79800
797,3.440732e-10,7.736036e-02,5.884751e-03,0.218000,79900
798,3.440732e-10,1.535513e-01,1.390813e-02,0.218000,80000
799,3.440732e-10,2.688964e-01,2.504749e-02,0.218000,80100
800,2.547367e-10,3.078702e-01,2.726677e-02,0.218000,80200
801,1.750493e-10,2.543393e-01,1.879036e-02,0.219000,80300
802,1.750493e-10,1.505573e-01,1.086742e-02,0.219000,80400
803,1.750493e-10,1.989787e-01,1.448516e-02,0.219000,80500
804,1.750493e-10,6.646815e-01,5.504428e-02,0.220000,80600
805,1.750493e-10,6.794563e+03,2.059640e+01,0.220000,80700
806,1.750493e-10,8.206977e+03,2.111613e+01,0.220000,80800
807,1.750493e-10,8.940959e+03,2.354710e+01,0.221000,80900
808,1.750493e-10,8.400622e+03,2.319371e+01,0.221000,81000
809,1.750493e-10,8.167749e+03,2.093121e+01,0.221000,81100
810,1.750493e-10,7.406453e+03,2.236337e+01,0.222000,81200
811,1.750493e-10,6.700869e+03,1.955265e+01,0.222000,81300
812,1.750493e-10,6.916320e+03,1.982404e+01,0.222000,81400
813,1.750493e-10,6.710899e+03,1.968110e+01,0.222000,81500
814,1.750493e-10,6.783044e+03,1.886288e+01,0.223000,81600
815,1.750493e-10,6.452320e+03,1.932022e+01,0.223000,81700
816,1.750493e-10,6.553429e+03,1.854052e+01,0.223000,81800
817,1.750493e-10,6.127454e+03,2.211311e+01,0.223000,81900
818,1.750493e-10,5.697145e+03,1.896544e+01,0.224000,82000
819,1.750493e-10,5.327418e+03,1.870431e+01,0.224000,82100
820,1.750493e-10,5.198069e+03,1.714674e+01,0.224000,82200
821,1.750493e-10,5.096141e+03,1.627772e+01,0.224000,82300
822,1.750493e-10,5.109620e+03,1.750374e+01,0.224000,82400
823,1.750493e-10,4.788311e+03,1.872980e+01,0.225000,82500
824,1.750493e-10,4.745026e+03,2.038931e+01,0.225000,82600
825,1.750493e-10,4.615826e+03,1.963717e+01,0.225000,82700
826,1.750493e-10,4.606434e+03,1.881610e+01,0.225000,82800
827,1.750493e-10,4.396466e+03,2.003781e+01,0.225000,82900
828,1.750493e-10,4.213684e+03,1.930453e+01,0.226000,83000
829,1.750493e-10,4.006488e+03,1.868187e+01,0.226000,83100
830,1.750493e-10,3.841782e+03,1.662585e+01,0.227000,83200
831,1.750493e-10,3.718401e+03,1.636797e+01,0.227000,83300
832,1.750493e-10,3.479154e+03,1.779093e+01,0.227000,83400
833,1.750493e-10,3.253397e+03,1.731964e+01,0.228000,83500
834,1.750493e-10,3.244535e+03,1.827296e+01,0.228000,83600
835,1.750493e-10,2.809433e+03,1.612083e+01,0.228000,83700
836,1.750493e-10,2.722085e+03,1.448872e+01,0.229000,83800
837,1.750493e-10,2.648983e+03,1.374347e+01,0.229000,83900
838,1.750493e-10,2.542274e+03,1.424948e+01,0.229000,84000
839,1.750493e-10,2.525898e+03,1.410437e+01,0.229000,84100
840,1.750493e-10,2.481986e+03,1.438830e+01,0.230000,84200
841,1.750493e-10,2.177279e+03,1.505806e+01,0.230000,84300
842,1.750493e-10,2.081631e+03,1.458438e+01,0.230000,84400
843,1.750493e-10,2.012040e+03,1.411814e+01,0.230000,84500
844,1.750493e-10,2.125194e+03,1.609928e+01,0.230000,84600
845,1.750493e-10,1.883871e+03,1.322498e+01,0.231000,84700
846,1.750493e-10,1.805329e+03,1.296230e+01,0.231000,84800
847,1.750493e-10,1.700728e+03,1.273911e+01,0.231000,84900
848,1.750493e-10,1.804613e+03,1.484096e+01,0.231000,85000
849,1.750493e-10,1.555652e+03,1.265972e+01,0.231000,85100
850,1.750493e-10,1.535798e+03,1.278683e+01,0.232000,85200
851,1.750493e-10,1.489148e+03,1.156913e+01,0.232000,85300
852,1.750493e-10,1.363231e+03,1.229638e+01,0.232000,85400
853,1.750493e-10,1.282576e+03,1.000549e+01,0.232000,85500
854,1.750493e-10,1.248338e+03,1.060780e+01,0.233000,85600
855,1.750493e-10,1.164790e+03,1.080281e+01,0.233000,85700
856,1.750493e-10,1.116105e+03,1.031011e+01,0.233000,85800
857,1.750493e-10,1.124897e+03,9.874056e+00,0.234000,85900
858,1.750493e-10,1.175872e+03,1.076052e+01,0.234000,86000
859,1.750493e-10,1.075401e+03,1.112051e+01,0.234000,86100
860,1.750493e-10,1.070474e+03,1.166683e+01,0.235000,86200
861,1.750493e-10,9.336018e+02,1.037273e+01,0.235000,86300
862,1.750493e-10,8.870905e+02,1.009422e+01,0.235000,86400
863,1.750493e-10,7.677760e+02,8.616308e+00,0.235000,86500
864,1.750493e-10,7.655435e+02,8.699846e+00,0.236000,86600
865,1.750493e-10,7.221820e+02,8.646468e+00,0.236000,86700
866,1.750493e-10,7.974178e+02,1.081662e+01,0.236000,86800
867,1.750493e-10,7.153295e+02,9.719930e+00,0.237000,86900
868,1.750493e-10,6.652324e+02,9.000415e+00,0.237000,87000
869,1.750493e-10,5.874384e+02,8.256960e+00,0.237000,87100
870,1.750493e-10,5.592121e+02,7.836349e+00,0.237000,87200
871,1.750493e-10,5.015892e+02,6.641562e+00,0.237000,87300
872,1.750493e-10,5.834746e+02,8.585032e+00,0.237000,87400
873,1.750493e-10,5.131372e+02,8.377874e+00,0.238000,87500
874,1.750493e-10,4.889973e+02,8.894482e+00,0.238000,87600
875,1.750493e-10,4.630867e+02,7.326339e+00,0.238000,87700
876,1.750493e-10,4.637672e+02,8.262850e+00,0.239000,87800
877,1.750493e-10,4.821801e+02,9.232380e+00,0.239000,87900
878,1.750493e-10,4.487837e+02,7.902325e+00,0.239000,88000
879,1.750493e-10,4.454800e+02,7.417009e+00,0.239000,88100
880,1.750493e-10,3.950286e+02,7.302950e+00,0.240000,88200
881,1.750493e-10,4.247020e+02,8.029118e+00,0.240000,88300
882,1.750493e-10,3.673833e+02,6.819044e+00,0.240000,88400
883,1.750493e-10,3.668887e+02,7.072170e+00,0.241000,88500
884,1.750493e-10,2.697566e+02,6.412015e+00,0.241000,88600
885,1.750493e-10,3.049521e+02,6.217600e+00,0.241000,88700
886,1.750493e-10,2.606555e+02,5.695766e+00,0.241000,88800
887,1.750493e-10,3.086646e+02,6.520653e+00,0.242000,88900
888,1.750493e-10,2.818528e+02,5.698476e+00,0.242000,89000
889,1.750493e-10,3.308371e+02,6.879885e+00,0.242000,89100
890,1.750493e-10,2.748429e+02,5.801366e+00,0.243000,89200
891,1.750493e-10,2.342713e+02,5.383937e+00,0.243000,89300
892,1.750493e-10,2.332532e+02,5.972493e+00,0.243000,89400
893,1.750493e-10,2.128169e+02,5.375586e+00,0.243000,89500
894,1.750493e-10,1.432561e+02,3.571402e+00,0.243000,89600
895,1.750493e-10,1.446148e+02,3.798898e+00,0.243000,89700
896,1.750493e-10,1.874559e+02,5.162480e+00,0.244000,89800
897,1.750493e-10,2.042812e+02,5.001267e+00,0.244000,89900
898,1.750493e-10,1.471924e+02,3.675827e+00,0.244000,90000
899,1.750493e-10,1.572753e+02,4.674981e+00,0.244000,90100
900,1.750493e-10,2.071364e+02,5.723989e+00,0.244000,90200
901,1.750493e-10,1.745104e+02,4.564957e+00,0.245000,90300
902,1.750493e-10,1.332026e+02,3.935117e+00,0.245000,90400
903,1.750493e-10,1.857986e+02,4.992454e+00,0.245000,90500
904,1.750493e-10,1.415462e+02,3.910111e+00,0.245000,90600
905,1.750493e-10,9.763085e+01,2.980956e+00,0.245000,90700
906,1.750493e-10,8.451567e+01,2.910502e+00,0.246000,90800
907,1.750493e-10,1.071802e+02,4.031861e+00,0.246000,90900
908,1.750493e-10,1.114003e+02,4.017996e+00,0.246000,91000
909,1.750493e-10,6.971345e+01,2.749894e+00,0.246000,91100
910,1.750493e-10,7.645486e+01,2.967650e+00,0.246000,91200
911,1.750493e-10,5.674224e+01,2.365953e+00,0.247000,91300
912,1.750493e-10,5.628387e+01,2.001947e+00,0.247000,91400
913,1.750493e-10,7.445240e+01,2.661529e+00,0.247000,91500
914,1.750493e-10,5.963662e+01,2.436323e+00,0.248000,91600
915,1.750493e-10,6.207283e+01,2.948155e+00,0.248000,91700
916,1.750493e-10,4.649250e+01,2.577503e+00,0.248000,91800
917,1.750493e-10,2.112670e+01,1.156710e+00,0.248000,91900
918,1.750493e-10,1.685299e+01,1.005787e+00,0.249000,92000
919,1.750493e-10,4.500457e+01,4.033517e+00,0.249000,92100
920,1.750493e-10,4.451370e+01,4.034798e+00,0.249000,92200
921,1.750493e-10,4.501356e+01,4.035483e+00,0.250000,92300
922,1.750493e-10,2.225010e+01,1.887294e+00,0.250000,92400
923,1.750493e-10,1.189996e+01,9.431034e-01,0.250000,92500
924,1.750493e-10,1.099619e+01,9.337260e-01,0.251000,92600
925,1.750493e-10,2.690932e+01,2.515366e+00,0.251000,92700
926,1.750493e-10,1.758142e+01,1.523481e+00,0.251000,92800
927,1.750493e-10,1.892992e+01,1.612378e+00,0.251000,92900
928,1.750493e-10,1.868726e+01,1.572337e+00,0.251000,93000
929,1.750493e-10,3.422182e+00,1.503921e-01,0.251000,93100
930,1.750493e-10,2.492137e+01,2.362783e+00,0.252000,93200
931,1.750493e-10,3.252626e+01,3.159985e+00,0.252000,93300
932,1.750493e-10,2.893097e+01,2.782231e+00,0.252000,93400
933,1.750493e-10,2.404463e+01,2.265860e+00,0.252000,93500
934,1.750493e-10,2.292943e+01,2.125685e+00,0.252000,93600
935,1.750493e-10,1.514313e+01,1.331157e+00,0.253000,93700
936,1.750493e-10,2.130366e+01,1.963592e+00,0.253000,93800
937,1.750493e-10,1.103770e+01,9.648549e-01,0.253000,93900
938,1.750493e-10,1.237736e+00,8.019968e-02,0.253000,94000
939,1.750493e-10,1.716995e+01,1.612103e+00,0.254000,94100
940,1.750493e-10,2.010492e+01,1.901099e+00,0.254000,94200
941,1.750493e-10,1.429897e+01,1.351348e+00,0.254000,94300
942,1.750493e-10,5.358789e+00,4.904958e-01,0.255000,94400
943,1.750493e-10,6.811924e+00,6.530366e-01,0.255000,94500
944,1.750493e-10,1.913645e+01,1.873763e+00,0.255000,94600
945,1.750493e-10,1.908049e+01,1.854140e+00,0.256000,94700
946,1.750493e-10,4.986750e+00,4.405980e-01,0.256000,94800
947,1.750493e-10,1.260284e+01,1.220567e+00,0.256000,94900
948,1.750493e-10,1.655459e+01,1.633607e+00,0.256000,95000
949,1.750493e-10,1.690713e+00,1.558811e-01,0.257000,95100
950,1.750493e-10,4.485586e+00,4.395714e-01,0.257000,95200
951,1.750493e-10,1.207772e+00,1.048733e-01,0.257000,95300
952,1.750493e-10,6.011675e+00,5.653558e-01,0.257000,95400
953,1.750493e-10,2.064542e+01,2.003255e+00,0.257000,95500
954,1.750493e-10,2.459293e+00,1.797859e-01,0.258000,95600
955,1.750493e-10,1.866201e+00,1.297417e-01,0.258000,95700
956,1.750493e-10,3.095934e+00,2.198729e-01,0.258000,95800
957,1.750493e-10,2.585019e+00,1.798883e-01,0.258000,95900
958,1.750493e-10,1.447225e+00,9.624642e-02,0.258000,96000
959,1.750493e-10,4.335361e-01,2.638028e-02,0.258000,96100
960,1.750493e-10,1.992786e-01,1.320248e-02,0.259000,96200
961,1.750493e-10,2.030392e+00,1.405617e-01,0.259000,96300
962,1.750493e-10,1.950801e+00,1.358459e-01,0.259000,96400
963,1.750493e-10,1.421277e+00,9.849438e-02,0.259000,96500
964,1.750493e-10,4.761195e-01,3.233531e-02,0.259000,96600
965,1.750493e-10,2.907826e-02,1.502750e-03,0.260000,96700
966,1.750493e-10,6.422855e+03,2.342897e+01,0.260000,96800
967,1.750493e-10,7.991180e+03,2.348634e+01,0.260000,96900
968,1.750493e-10,8.689512e+03,2.382261e+01,0.260000,97000
969,1.750493e-10,8.602827e+03,2.353653e+01,0.260000,97100
970,1.750493e-10,7.879170e+03,2.291444e+01,0.261000,97200
971,1.750493e-10,7.267653e+03,2.221351e+01,0.261000,97300
972,1.750493e-10,6.961574e+03,1.953971e+01,0.261000,97400
973,1.750493e-10,6.474198e+03,1.878789e+01,0.261000,97500
974,1.750493e-10,6.478590e+03,1.897285e+01,0.261000,97600
975,1.750493e-10,6.494529e+03,2.100470e+01,0.262000,97700
976,1.750493e-10,6.049718e+03,2.108778e+01,0.262000,97800
977,1.750493e-10,6.398396e+03,1.971948e+01,0.262000,97900
978,1.750493e-10,6.011797e+03,1.725184e+01,0.262000,98000
979,1.750493e-10,5.865101e+03,1.669542e+01,0.262000,98100
980,1.750493e-10,5.846220e+03,1.759616e+01,0.262000,98200
981,1.750493e-10,5.610992e+03,1.780694e+01,0.263000,98300
982,1.750493e-10,5.564525e+03,1.827320e+01,0.263000,98400
983,1.750493e-10,5.695419e+03,1.758288e+01,0.263000,98500
984,1.750493e-10,5.224452e+03,2.000361e+01,0.263000,98600
985,1.750493e-10,5.206433e+03,1.809911e+01,0.263000,98700
986,1.750493e-10,5.074776e+03,1.847578e+01,0.264000,98800
987,1.750493e-10,4.819506e+03,1.793654e+01,0.264000,98900
988,1.750493e-10,4.744926e+03,1.553226e+01,0.264000,99000
989,1.750493e-10,4.665890e+03,1.918312e+01,0.264000,99100
990,1.750493e-10,4.220230e+03,1.748696e+01,0.264000,99200
991,1.750493e-10,3.953462e+03,1.714945e+01,0.265000,99300
992,1.750493e-10,3.779251e+03,1.722880e+01,0.265000,99400
993,1.750493e-10,3.760312e+03,1.717987e+01,0.265000,99500
994,1.750493e-10,3.621802e+03,1.629175e+01,0.265000,99600
995,1.750493e-10,3.494364e+03,1.547598e+01,0.265000,99700
996,1.750493e-10,3.563908e+03,1.574366e+01,0.266000,99800
997,1.750493e-10,3.474404e+03,1.624295e+01,0.266000,99900
998,1.750493e-10,3.401559e+03,1.760184e+01,0.266000,100000
999,1.750493e-10,3.104082e+03,1.489833e+01,0.266000,100100


 PSO simulation finished

Best Fitness=1.750493e-10,x[0]=0.000000|,x[1]=-0.000000|,x[2]=-0.000000|,x[3]=0.000001|,x[4]=0.000000|,