1
1000
100000.000000|1.000000|1.000000|1000|
1|
0,2.831323e+01,2.831323e+01,0.000000e+00,0.000000e+00,0.002000,3
1,2.831323e+01,2.831323e+01,0.000000e+00,0.000000e+00,0.003000,5
2,2.062691e+01,2.062691e+01,0.000000e+00,0.000000e+00,0.015000,7
3,2.062691e+01,2.062691e+01,0.000000e+00,0.000000e+00,0.017000,9
4,2.062691e+01,2.062691e+01,0.000000e+00,0.000000e+00,0.020000,11
5,2.062691e+01,2.062691e+01,0.000000e+00,0.000000e+00,0.022000,13
6,1.762512e+01,1.762512e+01,0.000000e+00,0.000000e+00,0.023000,15
7,1.678735e+01,1.678735e+01,0.000000e+00,0.000000e+00,0.025000,17
8,1.678735e+01,1.678735e+01,0.000000e+00,0.000000e+00,0.028000,19
9,1.678735e+01,1.678735e+01,0.000000e+00,0.000000e+00,0.035000,21
10,1.678735e+01,1.678735e+01,0.000000e+00,0.000000e+00,0.037000,23
11,1.678735e+01,1.678735e+01,0.000000e+00,0.000000e+00,0.040000,25
12,1.678735e+01,1.678735e+01,0.000000e+00,0.000000e+00,0.042000,27
13,1.401307e+01,1.401307e+01,0.000000e+00,0.000000e+00,0.043000,29
14,1.401307e+01,1.401307e+01,0.000000e+00,0.000000e+00,0.045000,31
15,1.045141e+01,1.045141e+01,0.000000e+00,0.000000e+00,0.048000,33
16,9.357976e+00,9.357976e+00,0.000000e+00,0.000000e+00,0.049000,35
17,9.357976e+00,9.357976e+00,0.000000e+00,0.000000e+00,0.049000,37
18,9.357976e+00,9.357976e+00,0.000000e+00,0.000000e+00,0.051000,39
19,9.357976e+00,9.357976e+00,0.000000e+00,0.000000e+00,0.054000,41
20,9.357976e+00,9.357976e+00,0.000000e+00,0.000000e+00,0.056000,43
21,9.357976e+00,9.357976e+00,0.000000e+00,0.000000e+00,0.058000,45
22,9.357976e+00,9.357976e+00,0.000000e+00,0.000000e+00,0.061000,47
23,9.357976e+00,9.357976e+00,0.000000e+00,0.000000e+00,0.062000,49
24,9.357976e+00,9.357976e+00,0.000000e+00,0.000000e+00,0.063000,51
25,7.745375e+00,7.745375e+00,0.000000e+00,0.000000e+00,0.065000,53
26,7.745375e+00,7.745375e+00,0.000000e+00,0.000000e+00,0.067000,55
27,7.745375e+00,7.745375e+00,0.000000e+00,0.000000e+00,0.069000,57
28,7.745375e+00,7.745375e+00,0.000000e+00,0.000000e+00,0.070000,59
29,7.745375e+00,7.745375e+00,0.000000e+00,0.000000e+00,0.070000,61
30,7.745375e+00,7.745375e+00,0.000000e+00,0.000000e+00,0.072000,63
31,7.745375e+00,7.745375e+00,0.000000e+00,0.000000e+00,0.074000,65
32,7.745375e+00,7.745375e+00,0.000000e+00,0.000000e+00,0.076000,67
33,7.745375e+00,7.745375e+00,0.000000e+00,0.000000e+00,0.076000,69
34,7.745375e+00,7.745375e+00,0.000000e+00,0.000000e+00,0.077000,71
35,7.745375e+00,7.745375e+00,0.000000e+00,0.000000e+00,0.079000,73
36,7.745375e+00,7.745375e+00,0.000000e+00,0.000000e+00,0.081000,75
37,7.745375e+00,7.745375e+00,0.000000e+00,0.000000e+00,0.082000,77
38,7.745375e+00,7.745375e+00,0.000000e+00,0.000000e+00,0.082000,79
39,7.745375e+00,7.745375e+00,0.000000e+00,0.000000e+00,0.083000,81
40,7.745375e+00,7.745375e+00,0.000000e+00,0.000000e+00,0.084000,83
41,7.745375e+00,7.745375e+00,0.000000e+00,0.000000e+00,0.085000,85
42,6.899438e+00,6.899438e+00,0.000000e+00,0.000000e+00,0.087000,87
43,6.899438e+00,6.899438e+00,0.000000e+00,0.000000e+00,0.089000,89
44,6.899438e+00,6.899438e+00,0.000000e+00,0.000000e+00,0.090000,91
45,6.899438e+00,6.899438e+00,0.000000e+00,0.000000e+00,0.091000,93
46,6.899438e+00,6.899438e+00,0.000000e+00,0.000000e+00,0.093000,95
47,6.899438e+00,6.899438e+00,0.000000e+00,0.000000e+00,0.094000,97
48,6.899438e+00,6.899438e+00,0.000000e+00,0.000000e+00,0.095000,99
49,6.899438e+00,6.899438e+00,0.000000e+00,0.000000e+00,0.096000,101
50,6.899438e+00,6.899438e+00,0.000000e+00,0.000000e+00,0.096000,103
51,6.899438e+00,6.899438e+00,0.000000e+00,0.000000e+00,0.097000,105
52,6.899438e+00,6.899438e+00,0.000000e+00,0.000000e+00,0.098000,107
53,6.899438e+00,6.899438e+00,0.000000e+00,0.000000e+00,0.099000,109
54,6.899438e+00,6.899438e+00,0.000000e+00,0.000000e+00,0.102000,111
55,6.899438e+00,6.899438e+00,0.000000e+00,0.000000e+00,0.103000,113
56,6.899438e+00,6.899438e+00,0.000000e+00,0.000000e+00,0.104000,115
57,6.899438e+00,6.899438e+00,0.000000e+00,0.000000e+00,0.104000,117
58,6.899438e+00,6.899438e+00,0.000000e+00,0.000000e+00,0.106000,119
59,6.899438e+00,6.899438e+00,0.000000e+00,0.000000e+00,0.108000,121
60,4.064882e+00,4.064882e+00,0.000000e+00,0.000000e+00,0.109000,123
61,4.064882e+00,4.064882e+00,0.000000e+00,0.000000e+00,0.110000,125
62,4.041985e+00,4.041985e+00,0.000000e+00,0.000000e+00,0.111000,127
63,4.041985e+00,4.041985e+00,0.000000e+00,0.000000e+00,0.111000,129
64,4.041985e+00,4.041985e+00,0.000000e+00,0.000000e+00,0.112000,131
65,4.041985e+00,4.041985e+00,0.000000e+00,0.000000e+00,0.114000,133
66,4.041985e+00,4.041985e+00,0.000000e+00,0.000000e+00,0.116000,135
67,1.044738e+00,1.044738e+00,0.000000e+00,0.000000e+00,0.117000,137
68,9.721342e-02,9.721342e-02,0.000000e+00,0.000000e+00,0.118000,139
69,9.721342e-02,9.721342e-02,0.000000e+00,0.000000e+00,0.118000,141
70,9.721342e-02,9.721342e-02,0.000000e+00,0.000000e+00,0.121000,143
71,9.721342e-02,9.721342e-02,0.000000e+00,0.000000e+00,0.123000,145
72,9.721342e-02,9.721342e-02,0.000000e+00,0.000000e+00,0.124000,147
73,9.721342e-02,9.721342e-02,0.000000e+00,0.000000e+00,0.124000,149
74,9.721342e-02,9.721342e-02,0.000000e+00,0.000000e+00,0.125000,151
75,9.721342e-02,9.721342e-02,0.000000e+00,0.000000e+00,0.126000,153
76,9.721342e-02,9.721342e-02,0.000000e+00,0.000000e+00,0.128000,155
77,9.721342e-02,9.721342e-02,0.000000e+00,0.000000e+00,0.130000,157
78,9.721342e-02,9.721342e-02,0.000000e+00,0.000000e+00,0.131000,159
79,9.721342e-02,9.721342e-02,0.000000e+00,0.000000e+00,0.132000,161
80,9.721342e-02,9.721342e-02,0.000000e+00,0.000000e+00,0.132000,163
81,9.721342e-02,9.721342e-02,0.000000e+00,0.000000e+00,0.135000,165
82,9.721342e-02,9.721342e-02,0.000000e+00,0.000000e+00,0.136000,167
83,9.721342e-02,9.721342e-02,0.000000e+00,0.000000e+00,0.137000,169
84,9.721342e-02,9.721342e-02,0.000000e+00,0.000000e+00,0.138000,171
85,9.721342e-02,9.721342e-02,0.000000e+00,0.000000e+00,0.138000,173
86,9.721342e-02,9.721342e-02,0.000000e+00,0.000000e+00,0.139000,175
87,9.721342e-02,9.721342e-02,0.000000e+00,0.000000e+00,0.140000,177
88,9.721342e-02,9.721342e-02,0.000000e+00,0.000000e+00,0.142000,179
89,9.721342e-02,9.721342e-02,0.000000e+00,0.000000e+00,0.143000,181
90,9.721342e-02,9.721342e-02,0.000000e+00,0.000000e+00,0.144000,183
91,9.721342e-02,9.721342e-02,0.000000e+00,0.000000e+00,0.145000,185
92,9.721342e-02,9.721342e-02,0.000000e+00,0.000000e+00,0.146000,187
93,9.721342e-02,9.721342e-02,0.000000e+00,0.000000e+00,0.147000,189
94,9.721342e-02,9.721342e-02,0.000000e+00,0.000000e+00,0.150000,191
95,4.744421e-02,4.744421e-02,0.000000e+00,0.000000e+00,0.151000,193
96,4.744421e-02,4.744421e-02,0.000000e+00,0.000000e+00,0.152000,195
97,4.744421e-02,4.744421e-02,0.000000e+00,0.000000e+00,0.153000,197
98,4.744421e-02,4.744421e-02,0.000000e+00,0.000000e+00,0.154000,199
99,4.744421e-02,4.744421e-02,0.000000e+00,0.000000e+00,0.156000,201
100,4.744421e-02,4.744421e-02,0.000000e+00,0.000000e+00,0.158000,203
101,4.744421e-02,4.744421e-02,0.000000e+00,0.000000e+00,0.158000,205
102,4.744421e-02,4.744421e-02,0.000000e+00,0.000000e+00,0.159000,207
103,4.744421e-02,4.744421e-02,0.000000e+00,0.000000e+00,0.160000,209
104,4.744421e-02,4.744421e-02,0.000000e+00,0.000000e+00,0.160000,211
105,4.744421e-02,4.744421e-02,0.000000e+00,0.000000e+00,0.164000,213
106,4.744421e-02,4.744421e-02,0.000000e+00,0.000000e+00,0.165000,215
107,4.744421e-02,4.744421e-02,0.000000e+00,0.000000e+00,0.166000,217
108,4.744421e-02,4.744421e-02,0.000000e+00,0.000000e+00,0.167000,219
109,4.744421e-02,4.744421e-02,0.000000e+00,0.000000e+00,0.168000,221
110,4.744421e-02,4.744421e-02,0.000000e+00,0.000000e+00,0.171000,223
111,4.744421e-02,4.744421e-02,0.000000e+00,0.000000e+00,0.172000,225
112,4.744421e-02,4.744421e-02,0.000000e+00,0.000000e+00,0.173000,227
113,4.744421e-02,4.744421e-02,0.000000e+00,0.000000e+00,0.173000,229
114,4.744421e-02,4.744421e-02,0.000000e+00,0.000000e+00,0.174000,231
115,4.744421e-02,4.744421e-02,0.000000e+00,0.000000e+00,0.175000,233
116,4.744421e-02,4.744421e-02,0.000000e+00,0.000000e+00,0.181000,235
117,4.744421e-02,4.744421e-02,0.000000e+00,0.000000e+00,0.183000,237
118,4.744421e-02,4.744421e-02,0.000000e+00,0.000000e+00,0.186000,239
119,4.744421e-02,4.744421e-02,0.000000e+00,0.000000e+00,0.186000,241
120,4.744421e-02,4.744421e-02,0.000000e+00,0.000000e+00,0.187000,243
121,4.744421e-02,4.744421e-02,0.000000e+00,0.000000e+00,0.188000,245
122,4.744421e-02,4.744421e-02,0.000000e+00,0.000000e+00,0.191000,247
123,4.744421e-02,4.744421e-02,0.000000e+00,0.000000e+00,0.193000,249
124,4.744421e-02,4.744421e-02,0.000000e+00,0.000000e+00,0.194000,251
125,4.744421e-02,4.744421e-02,0.000000e+00,0.000000e+00,0.195000,253
126,4.744421e-02,4.744421e-02,0.000000e+00,0.000000e+00,0.197000,255
127,4.744421e-02,4.744421e-02,0.000000e+00,0.000000e+00,0.199000,257
128,4.744421e-02,4.744421e-02,0.000000e+00,0.000000e+00,0.200000,259
129,4.744421e-02,4.744421e-02,0.000000e+00,0.000000e+00,0.200000,261
130,4.744421e-02,4.744421e-02,0.000000e+00,0.000000e+00,0.201000,263
131,4.744421e-02,4.744421e-02,0.000000e+00,0.000000e+00,0.202000,265
132,4.744421e-02,4.744421e-02,0.000000e+00,0.000000e+00,0.204000,267
133,4.744421e-02,4.744421e-02,0.000000e+00,0.000000e+00,0.206000,269
134,4.744421e-02,4.744421e-02,0.000000e+00,0.000000e+00,0.207000,271
135,4.744421e-02,4.744421e-02,0.000000e+00,0.000000e+00,0.208000,273
136,4.744421e-02,4.744421e-02,0.000000e+00,0.000000e+00,0.209000,275
137,4.744421e-02,4.744421e-02,0.000000e+00,0.000000e+00,0.211000,277
138,4.744421e-02,4.744421e-02,0.000000e+00,0.000000e+00,0.213000,279
139,4.744421e-02,4.744421e-02,0.000000e+00,0.000000e+00,0.214000,281
140,4.744421e-02,4.744421e-02,0.000000e+00,0.000000e+00,0.215000,283
141,4.744421e-02,4.744421e-02,0.000000e+00,0.000000e+00,0.215000,285
142,4.744421e-02,4.744421e-02,0.000000e+00,0.000000e+00,0.217000,287
143,4.744421e-02,4.744421e-02,0.000000e+00,0.000000e+00,0.219000,289
144,4.744421e-02,4.744421e-02,0.000000e+00,0.000000e+00,0.221000,291
145,4.744421e-02,4.744421e-02,0.000000e+00,0.000000e+00,0.221000,293
146,4.744421e-02,4.744421e-02,0.000000e+00,0.000000e+00,0.222000,295
147,4.744421e-02,4.744421e-02,0.000000e+00,0.000000e+00,0.228000,297
148,4.744421e-02,4.744421e-02,0.000000e+00,0.000000e+00,0.229000,299
149,4.744421e-02,4.744421e-02,0.000000e+00,0.000000e+00,0.230000,301
150,4.744421e-02,4.744421e-02,0.000000e+00,0.000000e+00,0.232000,303
151,4.744421e-02,4.744421e-02,0.000000e+00,0.000000e+00,0.234000,305
152,4.744421e-02,4.744421e-02,0.000000e+00,0.000000e+00,0.235000,307
153,4.744421e-02,4.744421e-02,0.000000e+00,0.000000e+00,0.236000,309
154,4.744421e-02,4.744421e-02,0.000000e+00,0.000000e+00,0.236000,311
155,4.744421e-02,4.744421e-02,0.000000e+00,0.000000e+00,0.238000,313
156,4.744421e-02,4.744421e-02,0.000000e+00,0.000000e+00,0.241000,315
157,4.744421e-02,4.744421e-02,0.000000e+00,0.000000e+00,0.242000,317
158,4.744421e-02,4.744421e-02,0.000000e+00,0.000000e+00,0.243000,319
159,4.744421e-02,4.744421e-02,0.000000e+00,0.000000e+00,0.243000,321
160,4.744421e-02,4.744421e-02,0.000000e+00,0.000000e+00,0.245000,323
161,4.744421e-02,4.744421e-02,0.000000e+00,0.000000e+00,0.248000,325
162,4.744421e-02,4.744421e-02,0.000000e+00,0.000000e+00,0.248000,327
163,4.744421e-02,4.744421e-02,0.000000e+00,0.000000e+00,0.249000,329
164,4.744421e-02,4.744421e-02,0.000000e+00,0.000000e+00,0.250000,331
165,4.744421e-02,4.744421e-02,0.000000e+00,0.000000e+00,0.251000,333
166,4.744421e-02,4.744421e-02,0.000000e+00,0.000000e+00,0.253000,335
167,4.744421e-02,4.744421e-02,0.000000e+00,0.000000e+00,0.254000,337
168,4.744421e-02,4.744421e-02,0.000000e+00,0.000000e+00,0.255000,339
169,4.744421e-02,4.744421e-02,0.000000e+00,0.000000e+00,0.256000,341
170,4.744421e-02,4.744421e-02,0.000000e+00,0.000000e+00,0.257000,343
171,4.744421e-02,4.744421e-02,0.000000e+00,0.000000e+00,0.258000,345
172,4.744421e-02,4.744421e-02,0.000000e+00,0.000000e+00,0.259000,347
173,4.744421e-02,4.744421e-02,0.000000e+00,0.000000e+00,0.259000,349
174,4.744421e-02,4.744421e-02,0.000000e+00,0.000000e+00,0.260000,351
175,4.744421e-02,4.744421e-02,0.000000e+00,0.000000e+00,0.261000,353
176,4.744421e-02,4.744421e-02,0.000000e+00,0.000000e+00,0.262000,355
177,4.744421e-02,4.744421e-02,0.000000e+00,0.000000e+00,0.263000,357
178,4.744421e-02,4.744421e-02,0.000000e+00,0.000000e+00,0.264000,359
179,4.744421e-02,4.744421e-02,0.000000e+00,0.000000e+00,0.265000,361
180,4.744421e-02,4.744421e-02,0.000000e+00,0.000000e+00,0.266000,363
181,4.744421e-02,4.744421e-02,0.000000e+00,0.000000e+00,0.267000,365
182,4.744421e-02,4.744421e-02,0.000000e+00,0.000000e+00,0.268000,367
183,4.744421e-02,4.744421e-02,0.000000e+00,0.000000e+00,0.269000,369
184,4.744421e-02,4.744421e-02,0.000000e+00,0.000000e+00,0.270000,371
185,4.744421e-02,4.744421e-02,0.000000e+00,0.000000e+00,0.271000,373
186,4.744421e-02,4.744421e-02,0.000000e+00,0.000000e+00,0.271000,375
187,4.744421e-02,4.744421e-02,0.000000e+00,0.000000e+00,0.272000,377
188,4.744421e-02,4.744421e-02,0.000000e+00,0.000000e+00,0.273000,379
189,4.744421e-02,4.744421e-02,0.000000e+00,0.000000e+00,0.274000,381
190,4.744421e-02,4.744421e-02,0.000000e+00,0.000000e+00,0.275000,383
191,4.744421e-02,4.744421e-02,0.000000e+00,0.000000e+00,0.276000,385
192,4.744421e-02,4.744421e-02,0.000000e+00,0.000000e+00,0.276000,387
193,4.744421e-02,4.744421e-02,0.000000e+00,0.000000e+00,0.277000,389
194,4.744421e-02,4.744421e-02,0.000000e+00,0.000000e+00,0.279000,391
195,4.744421e-02,4.744421e-02,0.000000e+00,0.000000e+00,0.280000,393
196,4.744421e-02,4.744421e-02,0.000000e+00,0.000000e+00,0.281000,395
197,4.744421e-02,4.744421e-02,0.000000e+00,0.000000e+00,0.282000,397
198,4.744421e-02,4.744421e-02,0.000000e+00,0.000000e+00,0.282000,399
199,1.850823e-03,1.850823e-03,0.000000e+00,0.000000e+00,0.283000,401
200,1.850823e-03,1.850823e-03,0.000000e+00,0.000000e+00,0.284000,403
201,1.850823e-03,1.850823e-03,0.000000e+00,0.000000e+00,0.285000,405
202,1.850823e-03,1.850823e-03,0.000000e+00,0.000000e+00,0.286000,407
203,1.850823e-03,1.850823e-03,0.000000e+00,0.000000e+00,0.287000,409
204,1.850823e-03,1.850823e-03,0.000000e+00,0.000000e+00,0.288000,411
205,1.850823e-03,1.850823e-03,0.000000e+00,0.000000e+00,0.289000,413
206,1.850823e-03,1.850823e-03,0.000000e+00,0.000000e+00,0.290000,415
207,1.850823e-03,1.850823e-03,0.000000e+00,0.000000e+00,0.291000,417
208,1.850823e-03,1.850823e-03,0.000000e+00,0.000000e+00,0.292000,419
209,1.850823e-03,1.850823e-03,0.000000e+00,0.000000e+00,0.293000,421
210,1.850823e-03,1.850823e-03,0.000000e+00,0.000000e+00,0.294000,423
211,1.850823e-03,1.850823e-03,0.000000e+00,0.000000e+00,0.295000,425
212,1.850823e-03,1.850823e-03,0.000000e+00,0.000000e+00,0.296000,427
213,1.850823e-03,1.850823e-03,0.000000e+00,0.000000e+00,0.297000,429
214,1.850823e-03,1.850823e-03,0.000000e+00,0.000000e+00,0.298000,431
215,1.850823e-03,1.850823e-03,0.000000e+00,0.000000e+00,0.299000,433
216,1.850823e-03,1.850823e-03,0.000000e+00,0.000000e+00,0.300000,435
217,1.850823e-03,1.850823e-03,0.000000e+00,0.000000e+00,0.301000,437
218,1.850823e-03,1.850823e-03,0.000000e+00,0.000000e+00,0.302000,439
219,1.850823e-03,1.850823e-03,0.000000e+00,0.000000e+00,0.303000,441
220,1.850823e-03,1.850823e-03,0.000000e+00,0.000000e+00,0.304000,443
221,1.850823e-03,1.850823e-03,0.000000e+00,0.000000e+00,0.305000,445
222,1.850823e-03,1.850823e-03,0.000000e+00,0.000000e+00,0.306000,447
223,1.850823e-03,1.850823e-03,0.000000e+00,0.000000e+00,0.308000,449
224,1.850823e-03,1.850823e-03,0.000000e+00,0.000000e+00,0.309000,451
225,1.850823e-03,1.850823e-03,0.000000e+00,0.000000e+00,0.310000,453
226,1.850823e-03,1.850823e-03,0.000000e+00,0.000000e+00,0.311000,455
227,1.850823e-03,1.850823e-03,0.000000e+00,0.000000e+00,0.312000,457
228,1.850823e-03,1.850823e-03,0.000000e+00,0.000000e+00,0.313000,459
229,1.850823e-03,1.850823e-03,0.000000e+00,0.000000e+00,0.314000,461
230,1.850823e-03,1.850823e-03,0.000000e+00,0.000000e+00,0.315000,463
231,1.850823e-03,1.850823e-03,0.000000e+00,0.000000e+00,0.315000,465
232,1.850823e-03,1.850823e-03,0.000000e+00,0.000000e+00,0.317000,467
233,1.850823e-03,1.850823e-03,0.000000e+00,0.000000e+00,0.317000,469
234,1.850823e-03,1.850823e-03,0.000000e+00,0.000000e+00,0.318000,471
235,1.850823e-03,1.850823e-03,0.000000e+00,0.000000e+00,0.319000,473
236,1.850823e-03,1.850823e-03,0.000000e+00,0.000000e+00,0.320000,475
237,1.850823e-03,1.850823e-03,0.000000e+00,0.000000e+00,0.321000,477
238,1.850823e-03,1.850823e-03,0.000000e+00,0.000000e+00,0.322000,479
239,1.850823e-03,1.850823e-03,0.000000e+00,0.000000e+00,0.323000,481
240,1.850823e-03,1.850823e-03,0.000000e+00,0.000000e+00,0.324000,483
241,1.850823e-03,1.850823e-03,0.000000e+00,0.000000e+00,0.325000,485
242,1.850823e-03,1.850823e-03,0.000000e+00,0.000000e+00,0.326000,487
243,1.850823e-03,1.850823e-03,0.000000e+00,0.000000e+00,0.327000,489
244,1.850823e-03,1.850823e-03,0.000000e+00,0.000000e+00,0.328000,491
245,1.850823e-03,1.850823e-03,0.000000e+00,0.000000e+00,0.329000,493
246,1.850823e-03,1.850823e-03,0.000000e+00,0.000000e+00,0.330000,495
247,1.850823e-03,1.850823e-03,0.000000e+00,0.000000e+00,0.331000,497
248,1.850823e-03,1.850823e-03,0.000000e+00,0.000000e+00,0.332000,499
249,1.850823e-03,1.850823e-03,0.000000e+00,0.000000e+00,0.333000,501
250,1.850823e-03,1.850823e-03,0.000000e+00,0.000000e+00,0.334000,503
251,1.850823e-03,1.850823e-03,0.000000e+00,0.000000e+00,0.335000,505
252,1.850823e-03,1.850823e-03,0.000000e+00,0.000000e+00,0.336000,507
253,1.850823e-03,1.850823e-03,0.000000e+00,0.000000e+00,0.337000,509
254,1.850823e-03,1.850823e-03,0.000000e+00,0.000000e+00,0.338000,511
255,1.850823e-03,1.850823e-03,0.000000e+00,0.000000e+00,0.339000,513
256,1.850823e-03,1.850823e-03,0.000000e+00,0.000000e+00,0.340000,515
257,1.850823e-03,1.850823e-03,0.000000e+00,0.000000e+00,0.341000,517
258,1.850823e-03,1.850823e-03,0.000000e+00,0.000000e+00,0.342000,519
259,1.850823e-03,1.850823e-03,0.000000e+00,0.000000e+00,0.343000,521
260,1.850823e-03,1.850823e-03,0.000000e+00,0.000000e+00,0.344000,523
261,1.850823e-03,1.850823e-03,0.000000e+00,0.000000e+00,0.345000,525
262,1.850823e-03,1.850823e-03,0.000000e+00,0.000000e+00,0.346000,527
263,1.850823e-03,1.850823e-03,0.000000e+00,0.000000e+00,0.347000,529
264,1.850823e-03,1.850823e-03,0.000000e+00,0.000000e+00,0.348000,531
265,1.850823e-03,1.850823e-03,0.000000e+00,0.000000e+00,0.349000,533
266,1.850823e-03,1.850823e-03,0.000000e+00,0.000000e+00,0.350000,535
267,1.850823e-03,1.850823e-03,0.000000e+00,0.000000e+00,0.351000,537
268,1.850823e-03,1.850823e-03,0.000000e+00,0.000000e+00,0.352000,539
269,1.850823e-03,1.850823e-03,0.000000e+00,0.000000e+00,0.353000,541
270,1.850823e-03,1.850823e-03,0.000000e+00,0.000000e+00,0.354000,543
271,1.850823e-03,1.850823e-03,0.000000e+00,0.000000e+00,0.355000,545
272,1.850823e-03,1.850823e-03,0.000000e+00,0.000000e+00,0.356000,547
273,1.850823e-03,1.850823e-03,0.000000e+00,0.000000e+00,0.357000,549
274,1.850823e-03,1.850823e-03,0.000000e+00,0.000000e+00,0.358000,551
275,1.850823e-03,1.850823e-03,0.000000e+00,0.000000e+00,0.359000,553
276,1.850823e-03,1.850823e-03,0.000000e+00,0.000000e+00,0.360000,555
277,1.850823e-03,1.850823e-03,0.000000e+00,0.000000e+00,0.361000,557
278,1.850823e-03,1.850823e-03,0.000000e+00,0.000000e+00,0.362000,559
279,1.850823e-03,1.850823e-03,0.000000e+00,0.000000e+00,0.363000,561
280,1.850823e-03,1.850823e-03,0.000000e+00,0.000000e+00,0.365000,563
281,1.850823e-03,1.850823e-03,0.000000e+00,0.000000e+00,0.366000,565
282,1.850823e-03,1.850823e-03,0.000000e+00,0.000000e+00,0.367000,567
283,1.850823e-03,1.850823e-03,0.000000e+00,0.000000e+00,0.368000,569
284,1.850823e-03,1.850823e-03,0.000000e+00,0.000000e+00,0.369000,571
285,1.850823e-03,1.850823e-03,0.000000e+00,0.000000e+00,0.370000,573
286,1.850823e-03,1.850823e-03,0.000000e+00,0.000000e+00,0.371000,575
287,1.850823e-03,1.850823e-03,0.000000e+00,0.000000e+00,0.372000,577
288,1.850823e-03,1.850823e-03,0.000000e+00,0.000000e+00,0.373000,579
289,1.850823e-03,1.850823e-03,0.000000e+00,0.000000e+00,0.373000,581
290,1.850823e-03,1.850823e-03,0.000000e+00,0.000000e+00,0.374000,583
291,1.850823e-03,1.850823e-03,0.000000e+00,0.000000e+00,0.375000,585
292,1.850823e-03,1.850823e-03,0.000000e+00,0.000000e+00,0.376000,587
293,1.850823e-03,1.850823e-03,0.000000e+00,0.000000e+00,0.376000,589
294,1.850823e-03,1.850823e-03,0.000000e+00,0.000000e+00,0.377000,591
295,1.850823e-03,1.850823e-03,0.000000e+00,0.000000e+00,0.377000,593
296,1.850823e-03,1.850823e-03,0.000000e+00,0.000000e+00,0.378000,595
297,1.850823e-03,1.850823e-03,0.000000e+00,0.000000e+00,0.379000,597
298,1.850823e-03,1.850823e-03,0.000000e+00,0.000000e+00,0.380000,599
299,1.850823e-03,1.850823e-03,0.000000e+00,0.000000e+00,0.380000,601
300,1.850823e-03,1.850823e-03,0.000000e+00,0.000000e+00,0.381000,603
301,1.850823e-03,1.850823e-03,0.000000e+00,0.000000e+00,0.381000,605
302,1.850823e-03,1.850823e-03,0.000000e+00,0.000000e+00,0.382000,607
303,1.850823e-03,1.850823e-03,0.000000e+00,0.000000e+00,0.383000,609
304,1.850823e-03,1.850823e-03,0.000000e+00,0.000000e+00,0.383000,611
305,1.850823e-03,1.850823e-03,0.000000e+00,0.000000e+00,0.384000,613
306,1.850823e-03,1.850823e-03,0.000000e+00,0.000000e+00,0.384000,615
307,1.850823e-03,1.850823e-03,0.000000e+00,0.000000e+00,0.385000,617
308,1.850823e-03,1.850823e-03,0.000000e+00,0.000000e+00,0.385000,619
309,1.850823e-03,1.850823e-03,0.000000e+00,0.000000e+00,0.386000,621
310,1.850823e-03,1.850823e-03,0.000000e+00,0.000000e+00,0.387000,623
311,1.850823e-03,1.850823e-03,0.000000e+00,0.000000e+00,0.387000,625
312,1.850823e-03,1.850823e-03,0.000000e+00,0.000000e+00,0.388000,627
313,1.850823e-03,1.850823e-03,0.000000e+00,0.000000e+00,0.388000,629
314,1.850823e-03,1.850823e-03,0.000000e+00,0.000000e+00,0.389000,631
315,1.850823e-03,1.850823e-03,0.000000e+00,0.000000e+00,0.390000,633
316,1.850823e-03,1.850823e-03,0.000000e+00,0.000000e+00,0.390000,635
317,1.850823e-03,1.850823e-03,0.000000e+00,0.000000e+00,0.391000,637
318,1.850823e-03,1.850823e-03,0.000000e+00,0.000000e+00,0.391000,639
319,1.850823e-03,1.850823e-03,0.000000e+00,0.000000e+00,0.392000,641
320,1.850823e-03,1.850823e-03,0.000000e+00,0.000000e+00,0.392000,643
321,1.850823e-03,1.850823e-03,0.000000e+00,0.000000e+00,0.393000,645
322,1.850823e-03,1.850823e-03,0.000000e+00,0.000000e+00,0.394000,647
323,1.850823e-03,1.850823e-03,0.000000e+00,0.000000e+00,0.394000,649
324,1.850823e-03,1.850823e-03,0.000000e+00,0.000000e+00,0.395000,651
325,1.850823e-03,1.850823e-03,0.000000e+00,0.000000e+00,0.395000,653
326,1.850823e-03,1.850823e-03,0.000000e+00,0.000000e+00,0.396000,655
327,1.850823e-03,1.850823e-03,0.000000e+00,0.000000e+00,0.397000,657
328,1.850823e-03,1.850823e-03,0.000000e+00,0.000000e+00,0.397000,659
329,1.850823e-03,1.850823e-03,0.000000e+00,0.000000e+00,0.398000,661
330,1.850823e-03,1.850823e-03,0.000000e+00,0.000000e+00,0.398000,663
331,1.850823e-03,1.850823e-03,0.000000e+00,0.000000e+00,0.399000,665
332,1.850823e-03,1.850823e-03,0.000000e+00,0.000000e+00,0.399000,667
333,1.850823e-03,1.850823e-03,0.000000e+00,0.000000e+00,0.400000,669
334,1.850823e-03,1.850823e-03,0.000000e+00,0.000000e+00,0.401000,671
335,1.850823e-03,1.850823e-03,0.000000e+00,0.000000e+00,0.401000,673
336,1.850823e-03,1.850823e-03,0.000000e+00,0.000000e+00,0.402000,675
337,1.850823e-03,1.850823e-03,0.000000e+00,0.000000e+00,0.402000,677
338,1.850823e-03,1.850823e-03,0.000000e+00,0.000000e+00,0.403000,679
339,1.850823e-03,1.850823e-03,0.000000e+00,0.000000e+00,0.404000,681
340,1.850823e-03,1.850823e-03,0.000000e+00,0.000000e+00,0.404000,683
341,1.850823e-03,1.850823e-03,0.000000e+00,0.000000e+00,0.405000,685
342,1.850823e-03,1.850823e-03,0.000000e+00,0.000000e+00,0.405000,687
343,1.850823e-03,1.850823e-03,0.000000e+00,0.000000e+00,0.406000,689
344,1.850823e-03,1.850823e-03,0.000000e+00,0.000000e+00,0.407000,691
345,1.850823e-03,1.850823e-03,0.000000e+00,0.000000e+00,0.407000,693
346,1.850823e-03,1.850823e-03,0.000000e+00,0.000000e+00,0.408000,695
347,1.850823e-03,1.850823e-03,0.000000e+00,0.000000e+00,0.408000,697
348,1.850823e-03,1.850823e-03,0.000000e+00,0.000000e+00,0.409000,699
349,1.850823e-03,1.850823e-03,0.000000e+00,0.000000e+00,0.410000,701
350,1.850823e-03,1.850823e-03,0.000000e+00,0.000000e+00,0.410000,703
351,1.850823e-03,1.850823e-03,0.000000e+00,0.000000e+00,0.411000,705
352,1.850823e-03,1.850823e-03,0.000000e+00,0.000000e+00,0.412000,707
353,1.850823e-03,1.850823e-03,0.000000e+00,0.000000e+00,0.412000,709
354,1.850823e-03,1.850823e-03,0.000000e+00,0.000000e+00,0.413000,711
355,1.850823e-03,1.850823e-03,0.000000e+00,0.000000e+00,0.414000,713
356,1.850823e-03,1.850823e-03,0.000000e+00,0.000000e+00,0.414000,715
357,1.850823e-03,1.850823e-03,0.000000e+00,0.000000e+00,0.415000,717
358,1.850823e-03,1.850823e-03,0.000000e+00,0.000000e+00,0.415000,719
359,1.850823e-03,1.850823e-03,0.000000e+00,0.000000e+00,0.416000,721
360,1.850823e-03,1.850823e-03,0.000000e+00,0.000000e+00,0.417000,723
361,1.850823e-03,1.850823e-03,0.000000e+00,0.000000e+00,0.417000,725
362,1.850823e-03,1.850823e-03,0.000000e+00,0.000000e+00,0.418000,727
363,1.850823e-03,1.850823e-03,0.000000e+00,0.000000e+00,0.418000,729
364,1.850823e-03,1.850823e-03,0.000000e+00,0.000000e+00,0.419000,731
365,1.850823e-03,1.850823e-03,0.000000e+00,0.000000e+00,0.419000,733
366,1.850823e-03,1.850823e-03,0.000000e+00,0.000000e+00,0.420000,735
367,1.850823e-03,1.850823e-03,0.000000e+00,0.000000e+00,0.421000,737
368,1.850823e-03,1.850823e-03,0.000000e+00,0.000000e+00,0.421000,739
369,1.850823e-03,1.850823e-03,0.000000e+00,0.000000e+00,0.422000,741
370,1.850823e-03,1.850823e-03,0.000000e+00,0.000000e+00,0.422000,743
371,1.850823e-03,1.850823e-03,0.000000e+00,0.000000e+00,0.423000,745
372,1.850823e-03,1.850823e-03,0.000000e+00,0.000000e+00,0.423000,747
373,1.850823e-03,1.850823e-03,0.000000e+00,0.000000e+00,0.424000,749
374,1.850823e-03,1.850823e-03,0.000000e+00,0.000000e+00,0.425000,751
375,1.850823e-03,1.850823e-03,0.000000e+00,0.000000e+00,0.425000,753
376,1.850823e-03,1.850823e-03,0.000000e+00,0.000000e+00,0.426000,755
377,1.850823e-03,1.850823e-03,0.000000e+00,0.000000e+00,0.427000,757
378,1.850823e-03,1.850823e-03,0.000000e+00,0.000000e+00,0.427000,759
379,1.355400e-04,1.355400e-04,0.000000e+00,0.000000e+00,0.428000,761
380,1.355400e-04,1.355400e-04,0.000000e+00,0.000000e+00,0.428000,763
381,1.355400e-04,1.355400e-04,0.000000e+00,0.000000e+00,0.429000,765
382,1.355400e-04,1.355400e-04,0.000000e+00,0.000000e+00,0.430000,767
383,1.355400e-04,1.355400e-04,0.000000e+00,0.000000e+00,0.430000,769
384,1.355400e-04,1.355400e-04,0.000000e+00,0.000000e+00,0.431000,771
385,1.355400e-04,1.355400e-04,0.000000e+00,0.000000e+00,0.431000,773
386,1.355400e-04,1.355400e-04,0.000000e+00,0.000000e+00,0.432000,775
387,1.355400e-04,1.355400e-04,0.000000e+00,0.000000e+00,0.433000,777
388,1.355400e-04,1.355400e-04,0.000000e+00,0.000000e+00,0.434000,779
389,1.355400e-04,1.355400e-04,0.000000e+00,0.000000e+00,0.434000,781
390,1.355400e-04,1.355400e-04,0.000000e+00,0.000000e+00,0.435000,783
391,1.355400e-04,1.355400e-04,0.000000e+00,0.000000e+00,0.435000,785
392,1.355400e-04,1.355400e-04,0.000000e+00,0.000000e+00,0.436000,787
393,1.355400e-04,1.355400e-04,0.000000e+00,0.000000e+00,0.437000,789
394,1.355400e-04,1.355400e-04,0.000000e+00,0.000000e+00,0.437000,791
395,1.355400e-04,1.355400e-04,0.000000e+00,0.000000e+00,0.438000,793
396,1.355400e-04,1.355400e-04,0.000000e+00,0.000000e+00,0.438000,795
397,1.355400e-04,1.355400e-04,0.000000e+00,0.000000e+00,0.439000,797
398,1.355400e-04,1.355400e-04,0.000000e+00,0.000000e+00,0.440000,799
399,1.355400e-04,1.355400e-04,0.000000e+00,0.000000e+00,0.440000,801
400,1.355400e-04,1.355400e-04,0.000000e+00,0.000000e+00,0.441000,803
401,1.355400e-04,1.355400e-04,0.000000e+00,0.000000e+00,0.442000,805
402,1.355400e-04,1.355400e-04,0.000000e+00,0.000000e+00,0.442000,807
403,1.355400e-04,1.355400e-04,0.000000e+00,0.000000e+00,0.443000,809
404,1.355400e-04,1.355400e-04,0.000000e+00,0.000000e+00,0.443000,811
405,1.355400e-04,1.355400e-04,0.000000e+00,0.000000e+00,0.445000,813
406,1.355400e-04,1.355400e-04,0.000000e+00,0.000000e+00,0.445000,815
407,1.355400e-04,1.355400e-04,0.000000e+00,0.000000e+00,0.446000,817
408,1.355400e-04,1.355400e-04,0.000000e+00,0.000000e+00,0.447000,819
409,1.355400e-04,1.355400e-04,0.000000e+00,0.000000e+00,0.447000,821
410,1.355400e-04,1.355400e-04,0.000000e+00,0.000000e+00,0.448000,823
411,1.355400e-04,1.355400e-04,0.000000e+00,0.000000e+00,0.448000,825
412,1.355400e-04,1.355400e-04,0.000000e+00,0.000000e+00,0.449000,827
413,1.355400e-04,1.355400e-04,0.000000e+00,0.000000e+00,0.450000,829
414,1.355400e-04,1.355400e-04,0.000000e+00,0.000000e+00,0.450000,831
415,1.355400e-04,1.355400e-04,0.000000e+00,0.000000e+00,0.451000,833
416,1.355400e-04,1.355400e-04,0.000000e+00,0.000000e+00,0.451000,835
417,1.355400e-04,1.355400e-04,0.000000e+00,0.000000e+00,0.452000,837
418,1.355400e-04,1.355400e-04,0.000000e+00,0.000000e+00,0.452000,839
419,1.355400e-04,1.355400e-04,0.000000e+00,0.000000e+00,0.453000,841
420,1.355400e-04,1.355400e-04,0.000000e+00,0.000000e+00,0.454000,843
421,1.355400e-04,1.355400e-04,0.000000e+00,0.000000e+00,0.454000,845
422,1.355400e-04,1.355400e-04,0.000000e+00,0.000000e+00,0.455000,847
423,1.355400e-04,1.355400e-04,0.000000e+00,0.000000e+00,0.455000,849
424,1.355400e-04,1.355400e-04,0.000000e+00,0.000000e+00,0.456000,851
425,1.355400e-04,1.355400e-04,0.000000e+00,0.000000e+00,0.457000,853
426,1.355400e-04,1.355400e-04,0.000000e+00,0.000000e+00,0.458000,855
427,1.355400e-04,1.355400e-04,0.000000e+00,0.000000e+00,0.458000,857
428,1.355400e-04,1.355400e-04,0.000000e+00,0.000000e+00,0.459000,859
429,1.355400e-04,1.355400e-04,0.000000e+00,0.000000e+00,0.460000,861
430,1.355400e-04,1.355400e-04,0.000000e+00,0.000000e+00,0.460000,863
431,1.355400e-04,1.355400e-04,0.000000e+00,0.000000e+00,0.461000,865
432,1.355400e-04,1.355400e-04,0.000000e+00,0.000000e+00,0.461000,867
433,1.355400e-04,1.355400e-04,0.000000e+00,0.000000e+00,0.462000,869
434,1.355400e-04,1.355400e-04,0.000000e+00,0.000000e+00,0.463000,871
435,1.355400e-04,1.355400e-04,0.000000e+00,0.000000e+00,0.463000,873
436,1.355400e-04,1.355400e-04,0.000000e+00,0.000000e+00,0.464000,875
437,1.355400e-04,1.355400e-04,0.000000e+00,0.000000e+00,0.464000,877
438,1.355400e-04,1.355400e-04,0.000000e+00,0.000000e+00,0.465000,879
439,1.355400e-04,1.355400e-04,0.000000e+00,0.000000e+00,0.466000,881
440,1.355400e-04,1.355400e-04,0.000000e+00,0.000000e+00,0.466000,883
441,1.355400e-04,1.355400e-04,0.000000e+00,0.000000e+00,0.467000,885
442,1.355400e-04,1.355400e-04,0.000000e+00,0.000000e+00,0.467000,887
443,1.355400e-04,1.355400e-04,0.000000e+00,0.000000e+00,0.468000,889
444,1.355400e-04,1.355400e-04,0.000000e+00,0.000000e+00,0.469000,891
445,1.355400e-04,1.355400e-04,0.000000e+00,0.000000e+00,0.469000,893
446,1.355400e-04,1.355400e-04,0.000000e+00,0.000000e+00,0.470000,895
447,1.355400e-04,1.355400e-04,0.000000e+00,0.000000e+00,0.471000,897
448,1.355400e-04,1.355400e-04,0.000000e+00,0.000000e+00,0.471000,899
449,1.355400e-04,1.355400e-04,0.000000e+00,0.000000e+00,0.472000,901
450,1.355400e-04,1.355400e-04,0.000000e+00,0.000000e+00,0.473000,903
451,1.355400e-04,1.355400e-04,0.000000e+00,0.000000e+00,0.473000,905
452,1.355400e-04,1.355400e-04,0.000000e+00,0.000000e+00,0.474000,907
453,1.355400e-04,1.355400e-04,0.000000e+00,0.000000e+00,0.475000,909
454,1.355400e-04,1.355400e-04,0.000000e+00,0.000000e+00,0.475000,911
455,1.355400e-04,1.355400e-04,0.000000e+00,0.000000e+00,0.476000,913
456,1.355400e-04,1.355400e-04,0.000000e+00,0.000000e+00,0.477000,915
457,1.355400e-04,1.355400e-04,0.000000e+00,0.000000e+00,0.477000,917
458,1.355400e-04,1.355400e-04,0.000000e+00,0.000000e+00,0.478000,919
459,1.355400e-04,1.355400e-04,0.000000e+00,0.000000e+00,0.479000,921
460,1.355400e-04,1.355400e-04,0.000000e+00,0.000000e+00,0.479000,923
461,1.355400e-04,1.355400e-04,0.000000e+00,0.000000e+00,0.480000,925
462,1.355400e-04,1.355400e-04,0.000000e+00,0.000000e+00,0.481000,927
463,1.355400e-04,1.355400e-04,0.000000e+00,0.000000e+00,0.481000,929
464,1.355400e-04,1.355400e-04,0.000000e+00,0.000000e+00,0.482000,931
465,1.355400e-04,1.355400e-04,0.000000e+00,0.000000e+00,0.482000,933
466,1.355400e-04,1.355400e-04,0.000000e+00,0.000000e+00,0.483000,935
467,1.355400e-04,1.355400e-04,0.000000e+00,0.000000e+00,0.484000,937
468,1.355400e-04,1.355400e-04,0.000000e+00,0.000000e+00,0.484000,939
469,1.355400e-04,1.355400e-04,0.000000e+00,0.000000e+00,0.485000,941
470,1.355400e-04,1.355400e-04,0.000000e+00,0.000000e+00,0.485000,943
471,1.355400e-04,1.355400e-04,0.000000e+00,0.000000e+00,0.486000,945
472,1.355400e-04,1.355400e-04,0.000000e+00,0.000000e+00,0.486000,947
473,1.355400e-04,1.355400e-04,0.000000e+00,0.000000e+00,0.487000,949
474,1.355400e-04,1.355400e-04,0.000000e+00,0.000000e+00,0.488000,951
475,1.355400e-04,1.355400e-04,0.000000e+00,0.000000e+00,0.489000,953
476,1.355400e-04,1.355400e-04,0.000000e+00,0.000000e+00,0.489000,955
477,1.355400e-04,1.355400e-04,0.000000e+00,0.000000e+00,0.490000,957
478,1.355400e-04,1.355400e-04,0.000000e+00,0.000000e+00,0.491000,959
479,1.355400e-04,1.355400e-04,0.000000e+00,0.000000e+00,0.491000,961
480,1.355400e-04,1.355400e-04,0.000000e+00,0.000000e+00,0.492000,963
481,1.355400e-04,1.355400e-04,0.000000e+00,0.000000e+00,0.493000,965
482,1.355400e-04,1.355400e-04,0.000000e+00,0.000000e+00,0.493000,967
483,1.355400e-04,1.355400e-04,0.000000e+00,0.000000e+00,0.494000,969
484,1.355400e-04,1.355400e-04,0.000000e+00,0.000000e+00,0.495000,971
485,1.355400e-04,1.355400e-04,0.000000e+00,0.000000e+00,0.495000,973
486,1.355400e-04,1.355400e-04,0.000000e+00,0.000000e+00,0.496000,975
487,1.355400e-04,1.355400e-04,0.000000e+00,0.000000e+00,0.496000,977
488,1.355400e-04,1.355400e-04,0.000000e+00,0.000000e+00,0.497000,979
489,1.355400e-04,1.355400e-04,0.000000e+00,0.000000e+00,0.498000,981
490,1.355400e-04,1.355400e-04,0.000000e+00,0.000000e+00,0.498000,983
491,1.355400e-04,1.355400e-04,0.000000e+00,0.000000e+00,0.499000,985
492,1.355400e-04,1.355400e-04,0.000000e+00,0.000000e+00,0.500000,987
493,1.355400e-04,1.355400e-04,0.000000e+00,0.000000e+00,0.500000,989
494,1.355400e-04,1.355400e-04,0.000000e+00,0.000000e+00,0.501000,991
495,1.355400e-04,1.355400e-04,0.000000e+00,0.000000e+00,0.501000,993
496,1.355400e-04,1.355400e-04,0.000000e+00,0.000000e+00,0.502000,995
497,1.355400e-04,1.355400e-04,0.000000e+00,0.000000e+00,0.503000,997
498,1.355400e-04,1.355400e-04,0.000000e+00,0.000000e+00,0.503000,999
499,1.355400e-04,1.355400e-04,0.000000e+00,0.000000e+00,0.504000,1001
500,1.355400e-04,1.355400e-04,0.000000e+00,0.000000e+00,0.504000,1003
501,1.355400e-04,1.355400e-04,0.000000e+00,0.000000e+00,0.505000,1005
502,1.355400e-04,1.355400e-04,0.000000e+00,0.000000e+00,0.506000,1007
503,1.355400e-04,1.355400e-04,0.000000e+00,0.000000e+00,0.506000,1009
504,1.355400e-04,1.355400e-04,0.000000e+00,0.000000e+00,0.507000,1011
505,1.355400e-04,1.355400e-04,0.000000e+00,0.000000e+00,0.507000,1013
506,1.355400e-04,1.355400e-04,0.000000e+00,0.000000e+00,0.508000,1015
507,1.355400e-04,1.355400e-04,0.000000e+00,0.000000e+00,0.509000,1017
508,1.355400e-04,1.355400e-04,0.000000e+00,0.000000e+00,0.509000,1019
509,1.355400e-04,1.355400e-04,0.000000e+00,0.000000e+00,0.510000,1021
510,1.355400e-04,1.355400e-04,0.000000e+00,0.000000e+00,0.510000,1023
511,1.355400e-04,1.355400e-04,0.000000e+00,0.000000e+00,0.511000,1025
512,1.355400e-04,1.355400e-04,0.000000e+00,0.000000e+00,0.512000,1027
513,1.355400e-04,1.355400e-04,0.000000e+00,0.000000e+00,0.512000,1029
514,1.355400e-04,1.355400e-04,0.000000e+00,0.000000e+00,0.513000,1031
515,1.355400e-04,1.355400e-04,0.000000e+00,0.000000e+00,0.513000,1033
516,1.355400e-04,1.355400e-04,0.000000e+00,0.000000e+00,0.514000,1035
517,1.355400e-04,1.355400e-04,0.000000e+00,0.000000e+00,0.515000,1037
518,1.355400e-04,1.355400e-04,0.000000e+00,0.000000e+00,0.515000,1039
519,1.355400e-04,1.355400e-04,0.000000e+00,0.000000e+00,0.516000,1041
520,1.355400e-04,1.355400e-04,0.000000e+00,0.000000e+00,0.516000,1043
521,1.355400e-04,1.355400e-04,0.000000e+00,0.000000e+00,0.517000,1045
522,1.355400e-04,1.355400e-04,0.000000e+00,0.000000e+00,0.518000,1047
523,1.355400e-04,1.355400e-04,0.000000e+00,0.000000e+00,0.518000,1049
524,1.355400e-04,1.355400e-04,0.000000e+00,0.000000e+00,0.519000,1051
525,1.355400e-04,1.355400e-04,0.000000e+00,0.000000e+00,0.519000,1053
526,1.355400e-04,1.355400e-04,0.000000e+00,0.000000e+00,0.520000,1055
527,1.355400e-04,1.355400e-04,0.000000e+00,0.000000e+00,0.521000,1057
528,1.355400e-04,1.355400e-04,0.000000e+00,0.000000e+00,0.521000,1059
529,1.355400e-04,1.355400e-04,0.000000e+00,0.000000e+00,0.522000,1061
530,1.355400e-04,1.355400e-04,0.000000e+00,0.000000e+00,0.522000,1063
531,1.355400e-04,1.355400e-04,0.000000e+00,0.000000e+00,0.523000,1065
532,1.355400e-04,1.355400e-04,0.000000e+00,0.000000e+00,0.524000,1067
533,1.355400e-04,1.355400e-04,0.000000e+00,0.000000e+00,0.524000,1069
534,1.355400e-04,1.355400e-04,0.000000e+00,0.000000e+00,0.525000,1071
535,1.355400e-04,1.355400e-04,0.000000e+00,0.000000e+00,0.525000,1073
536,1.355400e-04,1.355400e-04,0.000000e+00,0.000000e+00,0.526000,1075
537,1.355400e-04,1.355400e-04,0.000000e+00,0.000000e+00,0.527000,1077
538,1.355400e-04,1.355400e-04,0.000000e+00,0.000000e+00,0.527000,1079
539,1.355400e-04,1.355400e-04,0.000000e+00,0.000000e+00,0.528000,1081
540,1.355400e-04,1.355400e-04,0.000000e+00,0.000000e+00,0.528000,1083
541,1.355400e-04,1.355400e-04,0.000000e+00,0.000000e+00,0.529000,1085
542,1.355400e-04,1.355400e-04,0.000000e+00,0.000000e+00,0.530000,1087
543,1.355400e-04,1.355400e-04,0.000000e+00,0.000000e+00,0.530000,1089
544,1.355400e-04,1.355400e-04,0.000000e+00,0.000000e+00,0.531000,1091
545,1.355400e-04,1.355400e-04,0.000000e+00,0.000000e+00,0.531000,1093
546,1.355400e-04,1.355400e-04,0.000000e+00,0.000000e+00,0.532000,1095
547,1.355400e-04,1.355400e-04,0.000000e+00,0.000000e+00,0.532000,1097
548,1.355400e-04,1.355400e-04,0.000000e+00,0.000000e+00,0.533000,1099
549,1.355400e-04,1.355400e-04,0.000000e+00,0.000000e+00,0.534000,1101
550,1.355400e-04,1.355400e-04,0.000000e+00,0.000000e+00,0.534000,1103
551,1.355400e-04,1.355400e-04,0.000000e+00,0.000000e+00,0.535000,1105
552,1.355400e-04,1.355400e-04,0.000000e+00,0.000000e+00,0.536000,1107
553,1.355400e-04,1.355400e-04,0.000000e+00,0.000000e+00,0.536000,1109
554,1.355400e-04,1.355400e-04,0.000000e+00,0.000000e+00,0.537000,1111
555,1.355400e-04,1.355400e-04,0.000000e+00,0.000000e+00,0.537000,1113
556,1.355400e-04,1.355400e-04,0.000000e+00,0.000000e+00,0.538000,1115
557,1.355400e-04,1.355400e-04,0.000000e+00,0.000000e+00,0.538000,1117
558,1.355400e-04,1.355400e-04,0.000000e+00,0.000000e+00,0.539000,1119
559,1.355400e-04,1.355400e-04,0.000000e+00,0.000000e+00,0.540000,1121
560,1.355400e-04,1.355400e-04,0.000000e+00,0.000000e+00,0.540000,1123
561,1.355400e-04,1.355400e-04,0.000000e+00,0.000000e+00,0.541000,1125
562,1.355400e-04,1.355400e-04,0.000000e+00,0.000000e+00,0.541000,1127
563,1.355400e-04,1.355400e-04,0.000000e+00,0.000000e+00,0.542000,1129
564,1.355400e-04,1.355400e-04,0.000000e+00,0.000000e+00,0.543000,1131
565,1.355400e-04,1.355400e-04,0.000000e+00,0.000000e+00,0.543000,1133
566,1.355400e-04,1.355400e-04,0.000000e+00,0.000000e+00,0.544000,1135
567,1.355400e-04,1.355400e-04,0.000000e+00,0.000000e+00,0.544000,1137
568,1.355400e-04,1.355400e-04,0.000000e+00,0.000000e+00,0.545000,1139
569,1.355400e-04,1.355400e-04,0.000000e+00,0.000000e+00,0.545000,1141
570,1.355400e-04,1.355400e-04,0.000000e+00,0.000000e+00,0.546000,1143
571,1.355400e-04,1.355400e-04,0.000000e+00,0.000000e+00,0.547000,1145
572,1.355400e-04,1.355400e-04,0.000000e+00,0.000000e+00,0.547000,1147
573,1.355400e-04,1.355400e-04,0.000000e+00,0.000000e+00,0.548000,1149
574,1.355400e-04,1.355400e-04,0.000000e+00,0.000000e+00,0.548000,1151
575,1.355400e-04,1.355400e-04,0.000000e+00,0.000000e+00,0.549000,1153
576,1.355400e-04,1.355400e-04,0.000000e+00,0.000000e+00,0.550000,1155
577,1.355400e-04,1.355400e-04,0.000000e+00,0.000000e+00,0.550000,1157
578,1.355400e-04,1.355400e-04,0.000000e+00,0.000000e+00,0.551000,1159
579,1.355400e-04,1.355400e-04,0.000000e+00,0.000000e+00,0.552000,1161
580,1.355400e-04,1.355400e-04,0.000000e+00,0.000000e+00,0.552000,1163
581,1.355400e-04,1.355400e-04,0.000000e+00,0.000000e+00,0.553000,1165
582,1.355400e-04,1.355400e-04,0.000000e+00,0.000000e+00,0.553000,1167
583,1.355400e-04,1.355400e-04,0.000000e+00,0.000000e+00,0.554000,1169
584,1.355400e-04,1.355400e-04,0.000000e+00,0.000000e+00,0.554000,1171
585,1.355400e-04,1.355400e-04,0.000000e+00,0.000000e+00,0.555000,1173
586,1.355400e-04,1.355400e-04,0.000000e+00,0.000000e+00,0.556000,1175
587,1.355400e-04,1.355400e-04,0.000000e+00,0.000000e+00,0.556000,1177
588,1.355400e-04,1.355400e-04,0.000000e+00,0.000000e+00,0.557000,1179
589,1.355400e-04,1.355400e-04,0.000000e+00,0.000000e+00,0.557000,1181
590,1.355400e-04,1.355400e-04,0.000000e+00,0.000000e+00,0.558000,1183
591,1.355400e-04,1.355400e-04,0.000000e+00,0.000000e+00,0.558000,1185
592,1.355400e-04,1.355400e-04,0.000000e+00,0.000000e+00,0.559000,1187
593,1.355400e-04,1.355400e-04,0.000000e+00,0.000000e+00,0.560000,1189
594,1.355400e-04,1.355400e-04,0.000000e+00,0.000000e+00,0.560000,1191
595,1.355400e-04,1.355400e-04,0.000000e+00,0.000000e+00,0.561000,1193
596,1.355400e-04,1.355400e-04,0.000000e+00,0.000000e+00,0.561000,1195
597,1.355400e-04,1.355400e-04,0.000000e+00,0.000000e+00,0.562000,1197
598,1.355400e-04,1.355400e-04,0.000000e+00,0.000000e+00,0.563000,1199
599,1.355400e-04,1.355400e-04,0.000000e+00,0.000000e+00,0.563000,1201
600,1.355400e-04,1.355400e-04,0.000000e+00,0.000000e+00,0.564000,1203
601,1.355400e-04,1.355400e-04,0.000000e+00,0.000000e+00,0.564000,1205
602,1.355400e-04,1.355400e-04,0.000000e+00,0.000000e+00,0.565000,1207
603,1.355400e-04,1.355400e-04,0.000000e+00,0.000000e+00,0.566000,1209
604,1.355400e-04,1.355400e-04,0.000000e+00,0.000000e+00,0.566000,1211
605,1.355400e-04,1.355400e-04,0.000000e+00,0.000000e+00,0.567000,1213
606,1.355400e-04,1.355400e-04,0.000000e+00,0.000000e+00,0.567000,1215
607,1.355400e-04,1.355400e-04,0.000000e+00,0.000000e+00,0.568000,1217
608,1.355400e-04,1.355400e-04,0.000000e+00,0.000000e+00,0.569000,1219
609,1.355400e-04,1.355400e-04,0.000000e+00,0.000000e+00,0.569000,1221
610,1.355400e-04,1.355400e-04,0.000000e+00,0.000000e+00,0.570000,1223
611,1.355400e-04,1.355400e-04,0.000000e+00,0.000000e+00,0.570000,1225
612,1.355400e-04,1.355400e-04,0.000000e+00,0.000000e+00,0.571000,1227
613,1.355400e-04,1.355400e-04,0.000000e+00,0.000000e+00,0.572000,1229
614,1.355400e-04,1.355400e-04,0.000000e+00,0.000000e+00,0.572000,1231
615,1.355400e-04,1.355400e-04,0.000000e+00,0.000000e+00,0.573000,1233
616,1.355400e-04,1.355400e-04,0.000000e+00,0.000000e+00,0.573000,1235
617,1.355400e-04,1.355400e-04,0.000000e+00,0.000000e+00,0.574000,1237
618,1.355400e-04,1.355400e-04,0.000000e+00,0.000000e+00,0.575000,1239
619,1.355400e-04,1.355400e-04,0.000000e+00,0.000000e+00,0.575000,1241
620,1.355400e-04,1.355400e-04,0.000000e+00,0.000000e+00,0.576000,1243
621,1.355400e-04,1.355400e-04,0.000000e+00,0.000000e+00,0.576000,1245
622,1.355400e-04,1.355400e-04,0.000000e+00,0.000000e+00,0.577000,1247
623,1.355400e-04,1.355400e-04,0.000000e+00,0.000000e+00,0.577000,1249
624,1.355400e-04,1.355400e-04,0.000000e+00,0.000000e+00,0.578000,1251
625,1.355400e-04,1.355400e-04,0.000000e+00,0.000000e+00,0.579000,1253
626,1.355400e-04,1.355400e-04,0.000000e+00,0.000000e+00,0.579000,1255
627,1.355400e-04,1.355400e-04,0.000000e+00,0.000000e+00,0.580000,1257
628,1.355400e-04,1.355400e-04,0.000000e+00,0.000000e+00,0.581000,1259
629,1.355400e-04,1.355400e-04,0.000000e+00,0.000000e+00,0.581000,1261
630,1.355400e-04,1.355400e-04,0.000000e+00,0.000000e+00,0.582000,1263
631,1.355400e-04,1.355400e-04,0.000000e+00,0.000000e+00,0.582000,1265
632,1.355400e-04,1.355400e-04,0.000000e+00,0.000000e+00,0.583000,1267
633,1.355400e-04,1.355400e-04,0.000000e+00,0.000000e+00,0.583000,1269
634,1.355400e-04,1.355400e-04,0.000000e+00,0.000000e+00,0.584000,1271
635,1.355400e-04,1.355400e-04,0.000000e+00,0.000000e+00,0.585000,1273
636,1.355400e-04,1.355400e-04,0.000000e+00,0.000000e+00,0.586000,1275
637,1.355400e-04,1.355400e-04,0.000000e+00,0.000000e+00,0.586000,1277
638,1.355400e-04,1.355400e-04,0.000000e+00,0.000000e+00,0.587000,1279
639,1.355400e-04,1.355400e-04,0.000000e+00,0.000000e+00,0.587000,1281
640,1.355400e-04,1.355400e-04,0.000000e+00,0.000000e+00,0.588000,1283
641,1.355400e-04,1.355400e-04,0.000000e+00,0.000000e+00,0.589000,1285
642,1.355400e-04,1.355400e-04,0.000000e+00,0.000000e+00,0.589000,1287
643,1.355400e-04,1.355400e-04,0.000000e+00,0.000000e+00,0.590000,1289
644,1.355400e-04,1.355400e-04,0.000000e+00,0.000000e+00,0.590000,1291
645,1.355400e-04,1.355400e-04,0.000000e+00,0.000000e+00,0.591000,1293
646,1.355400e-04,1.355400e-04,0.000000e+00,0.000000e+00,0.592000,1295
647,1.355400e-04,1.355400e-04,0.000000e+00,0.000000e+00,0.592000,1297
648,1.355400e-04,1.355400e-04,0.000000e+00,0.000000e+00,0.593000,1299
649,1.355400e-04,1.355400e-04,0.000000e+00,0.000000e+00,0.593000,1301
650,1.355400e-04,1.355400e-04,0.000000e+00,0.000000e+00,0.594000,1303
651,1.355400e-04,1.355400e-04,0.000000e+00,0.000000e+00,0.594000,1305
652,1.355400e-04,1.355400e-04,0.000000e+00,0.000000e+00,0.595000,1307
653,1.071761e-04,1.071761e-04,0.000000e+00,0.000000e+00,0.596000,1309
654,1.071761e-04,1.071761e-04,0.000000e+00,0.000000e+00,0.597000,1311
655,1.071761e-04,1.071761e-04,0.000000e+00,0.000000e+00,0.597000,1313
656,1.071761e-04,1.071761e-04,0.000000e+00,0.000000e+00,0.598000,1315
657,1.071761e-04,1.071761e-04,0.000000e+00,0.000000e+00,0.598000,1317
658,1.071761e-04,1.071761e-04,0.000000e+00,0.000000e+00,0.599000,1319
659,1.071761e-04,1.071761e-04,0.000000e+00,0.000000e+00,0.600000,1321
660,1.071761e-04,1.071761e-04,0.000000e+00,0.000000e+00,0.600000,1323
661,1.071761e-04,1.071761e-04,0.000000e+00,0.000000e+00,0.601000,1325
662,1.071761e-04,1.071761e-04,0.000000e+00,0.000000e+00,0.601000,1327
663,1.071761e-04,1.071761e-04,0.000000e+00,0.000000e+00,0.602000,1329
664,1.071761e-04,1.071761e-04,0.000000e+00,0.000000e+00,0.602000,1331
665,1.071761e-04,1.071761e-04,0.000000e+00,0.000000e+00,0.603000,1333
666,1.071761e-04,1.071761e-04,0.000000e+00,0.000000e+00,0.603000,1335
667,1.071761e-04,1.071761e-04,0.000000e+00,0.000000e+00,0.604000,1337
668,1.071761e-04,1.071761e-04,0.000000e+00,0.000000e+00,0.605000,1339
669,1.071761e-04,1.071761e-04,0.000000e+00,0.000000e+00,0.605000,1341
670,1.071761e-04,1.071761e-04,0.000000e+00,0.000000e+00,0.606000,1343
671,1.071761e-04,1.071761e-04,0.000000e+00,0.000000e+00,0.606000,1345
672,1.071761e-04,1.071761e-04,0.000000e+00,0.000000e+00,0.607000,1347
673,1.071761e-04,1.071761e-04,0.000000e+00,0.000000e+00,0.607000,1349
674,1.071761e-04,1.071761e-04,0.000000e+00,0.000000e+00,0.608000,1351
675,1.071761e-04,1.071761e-04,0.000000e+00,0.000000e+00,0.609000,1353
676,1.071761e-04,1.071761e-04,0.000000e+00,0.000000e+00,0.609000,1355
677,1.071761e-04,1.071761e-04,0.000000e+00,0.000000e+00,0.610000,1357
678,1.071761e-04,1.071761e-04,0.000000e+00,0.000000e+00,0.611000,1359
679,1.071761e-04,1.071761e-04,0.000000e+00,0.000000e+00,0.611000,1361
680,1.071761e-04,1.071761e-04,0.000000e+00,0.000000e+00,0.612000,1363
681,1.071761e-04,1.071761e-04,0.000000e+00,0.000000e+00,0.613000,1365
682,1.071761e-04,1.071761e-04,0.000000e+00,0.000000e+00,0.613000,1367
683,1.071761e-04,1.071761e-04,0.000000e+00,0.000000e+00,0.614000,1369
684,1.071761e-04,1.071761e-04,0.000000e+00,0.000000e+00,0.614000,1371
685,1.071761e-04,1.071761e-04,0.000000e+00,0.000000e+00,0.615000,1373
686,1.071761e-04,1.071761e-04,0.000000e+00,0.000000e+00,0.615000,1375
687,1.071761e-04,1.071761e-04,0.000000e+00,0.000000e+00,0.616000,1377
688,1.071761e-04,1.071761e-04,0.000000e+00,0.000000e+00,0.617000,1379
689,1.071761e-04,1.071761e-04,0.000000e+00,0.000000e+00,0.617000,1381
690,1.071761e-04,1.071761e-04,0.000000e+00,0.000000e+00,0.618000,1383
691,1.071761e-04,1.071761e-04,0.000000e+00,0.000000e+00,0.619000,1385
692,1.071761e-04,1.071761e-04,0.000000e+00,0.000000e+00,0.619000,1387
693,1.071761e-04,1.071761e-04,0.000000e+00,0.000000e+00,0.620000,1389
694,1.071761e-04,1.071761e-04,0.000000e+00,0.000000e+00,0.620000,1391
695,1.071761e-04,1.071761e-04,0.000000e+00,0.000000e+00,0.621000,1393
696,1.071761e-04,1.071761e-04,0.000000e+00,0.000000e+00,0.621000,1395
697,1.071761e-04,1.071761e-04,0.000000e+00,0.000000e+00,0.622000,1397
698,1.071761e-04,1.071761e-04,0.000000e+00,0.000000e+00,0.623000,1399
699,1.071761e-04,1.071761e-04,0.000000e+00,0.000000e+00,0.623000,1401
700,1.071761e-04,1.071761e-04,0.000000e+00,0.000000e+00,0.624000,1403
701,1.071761e-04,1.071761e-04,0.000000e+00,0.000000e+00,0.624000,1405
702,1.071761e-04,1.071761e-04,0.000000e+00,0.000000e+00,0.625000,1407
703,1.071761e-04,1.071761e-04,0.000000e+00,0.000000e+00,0.626000,1409
704,1.071761e-04,1.071761e-04,0.000000e+00,0.000000e+00,0.626000,1411
705,1.071761e-04,1.071761e-04,0.000000e+00,0.000000e+00,0.627000,1413
706,1.071761e-04,1.071761e-04,0.000000e+00,0.000000e+00,0.627000,1415
707,1.071761e-04,1.071761e-04,0.000000e+00,0.000000e+00,0.629000,1417
708,1.071761e-04,1.071761e-04,0.000000e+00,0.000000e+00,0.629000,1419
709,1.071761e-04,1.071761e-04,0.000000e+00,0.000000e+00,0.630000,1421
710,1.071761e-04,1.071761e-04,0.000000e+00,0.000000e+00,0.630000,1423
711,1.071761e-04,1.071761e-04,0.000000e+00,0.000000e+00,0.631000,1425
712,1.071761e-04,1.071761e-04,0.000000e+00,0.000000e+00,0.631000,1427
713,1.071761e-04,1.071761e-04,0.000000e+00,0.000000e+00,0.632000,1429
714,1.071761e-04,1.071761e-04,0.000000e+00,0.000000e+00,0.633000,1431
715,1.071761e-04,1.071761e-04,0.000000e+00,0.000000e+00,0.633000,1433
716,1.071761e-04,1.071761e-04,0.000000e+00,0.000000e+00,0.634000,1435
717,1.071761e-04,1.071761e-04,0.000000e+00,0.000000e+00,0.634000,1437
718,1.071761e-04,1.071761e-04,0.000000e+00,0.000000e+00,0.635000,1439
719,1.071761e-04,1.071761e-04,0.000000e+00,0.000000e+00,0.636000,1441
720,1.071761e-04,1.071761e-04,0.000000e+00,0.000000e+00,0.636000,1443
721,1.071761e-04,1.071761e-04,0.000000e+00,0.000000e+00,0.637000,1445
722,1.071761e-04,1.071761e-04,0.000000e+00,0.000000e+00,0.638000,1447
723,1.071761e-04,1.071761e-04,0.000000e+00,0.000000e+00,0.639000,1449
724,1.071761e-04,1.071761e-04,0.000000e+00,0.000000e+00,0.640000,1451
725,1.071761e-04,1.071761e-04,0.000000e+00,0.000000e+00,0.640000,1453
726,1.071761e-04,1.071761e-04,0.000000e+00,0.000000e+00,0.641000,1455
727,1.071761e-04,1.071761e-04,0.000000e+00,0.000000e+00,0.641000,1457
728,1.071761e-04,1.071761e-04,0.000000e+00,0.000000e+00,0.642000,1459
729,1.071761e-04,1.071761e-04,0.000000e+00,0.000000e+00,0.642000,1461
730,1.071761e-04,1.071761e-04,0.000000e+00,0.000000e+00,0.643000,1463
731,1.071761e-04,1.071761e-04,0.000000e+00,0.000000e+00,0.644000,1465
732,1.071761e-04,1.071761e-04,0.000000e+00,0.000000e+00,0.645000,1467
733,1.071761e-04,1.071761e-04,0.000000e+00,0.000000e+00,0.645000,1469
734,1.071761e-04,1.071761e-04,0.000000e+00,0.000000e+00,0.646000,1471
735,1.071761e-04,1.071761e-04,0.000000e+00,0.000000e+00,0.646000,1473
736,1.071761e-04,1.071761e-04,0.000000e+00,0.000000e+00,0.647000,1475
737,1.071761e-04,1.071761e-04,0.000000e+00,0.000000e+00,0.648000,1477
738,1.071761e-04,1.071761e-04,0.000000e+00,0.000000e+00,0.648000,1479
739,1.071761e-04,1.071761e-04,0.000000e+00,0.000000e+00,0.649000,1481
740,1.071761e-04,1.071761e-04,0.000000e+00,0.000000e+00,0.649000,1483
741,1.071761e-04,1.071761e-04,0.000000e+00,0.000000e+00,0.650000,1485
742,1.071761e-04,1.071761e-04,0.000000e+00,0.000000e+00,0.651000,1487
743,1.071761e-04,1.071761e-04,0.000000e+00,0.000000e+00,0.651000,1489
744,1.071761e-04,1.071761e-04,0.000000e+00,0.000000e+00,0.652000,1491
745,1.071761e-04,1.071761e-04,0.000000e+00,0.000000e+00,0.652000,1493
746,1.071761e-04,1.071761e-04,0.000000e+00,0.000000e+00,0.653000,1495
747,1.071761e-04,1.071761e-04,0.000000e+00,0.000000e+00,0.653000,1497
748,1.071761e-04,1.071761e-04,0.000000e+00,0.000000e+00,0.654000,1499
749,1.071761e-04,1.071761e-04,0.000000e+00,0.000000e+00,0.655000,1501
750,1.071761e-04,1.071761e-04,0.000000e+00,0.000000e+00,0.655000,1503
751,1.071761e-04,1.071761e-04,0.000000e+00,0.000000e+00,0.656000,1505
752,1.071761e-04,1.071761e-04,0.000000e+00,0.000000e+00,0.656000,1507
753,1.071761e-04,1.071761e-04,0.000000e+00,0.000000e+00,0.657000,1509
754,1.071761e-04,1.071761e-04,0.000000e+00,0.000000e+00,0.657000,1511
755,1.071761e-04,1.071761e-04,0.000000e+00,0.000000e+00,0.658000,1513
756,1.071761e-04,1.071761e-04,0.000000e+00,0.000000e+00,0.659000,1515
757,1.071761e-04,1.071761e-04,0.000000e+00,0.000000e+00,0.659000,1517
758,1.071761e-04,1.071761e-04,0.000000e+00,0.000000e+00,0.660000,1519
759,1.071761e-04,1.071761e-04,0.000000e+00,0.000000e+00,0.661000,1521
760,1.071761e-04,1.071761e-04,0.000000e+00,0.000000e+00,0.661000,1523
761,1.071761e-04,1.071761e-04,0.000000e+00,0.000000e+00,0.662000,1525
762,1.071761e-04,1.071761e-04,0.000000e+00,0.000000e+00,0.662000,1527
763,1.071761e-04,1.071761e-04,0.000000e+00,0.000000e+00,0.663000,1529
764,1.071761e-04,1.071761e-04,0.000000e+00,0.000000e+00,0.663000,1531
765,1.071761e-04,1.071761e-04,0.000000e+00,0.000000e+00,0.664000,1533
766,1.071761e-04,1.071761e-04,0.000000e+00,0.000000e+00,0.665000,1535
767,1.071761e-04,1.071761e-04,0.000000e+00,0.000000e+00,0.665000,1537
768,1.071761e-04,1.071761e-04,0.000000e+00,0.000000e+00,0.666000,1539
769,1.071761e-04,1.071761e-04,0.000000e+00,0.000000e+00,0.666000,1541
770,1.071761e-04,1.071761e-04,0.000000e+00,0.000000e+00,0.667000,1543
771,1.071761e-04,1.071761e-04,0.000000e+00,0.000000e+00,0.668000,1545
772,1.071761e-04,1.071761e-04,0.000000e+00,0.000000e+00,0.668000,1547
773,1.071761e-04,1.071761e-04,0.000000e+00,0.000000e+00,0.669000,1549
774,1.071761e-04,1.071761e-04,0.000000e+00,0.000000e+00,0.669000,1551
775,1.071761e-04,1.071761e-04,0.000000e+00,0.000000e+00,0.670000,1553
776,1.071761e-04,1.071761e-04,0.000000e+00,0.000000e+00,0.671000,1555
777,1.071761e-04,1.071761e-04,0.000000e+00,0.000000e+00,0.671000,1557
778,1.071761e-04,1.071761e-04,0.000000e+00,0.000000e+00,0.672000,1559
779,1.071761e-04,1.071761e-04,0.000000e+00,0.000000e+00,0.672000,1561
780,1.071761e-04,1.071761e-04,0.000000e+00,0.000000e+00,0.673000,1563
781,1.071761e-04,1.071761e-04,0.000000e+00,0.000000e+00,0.673000,1565
782,1.071761e-04,1.071761e-04,0.000000e+00,0.000000e+00,0.674000,1567
783,1.071761e-04,1.071761e-04,0.000000e+00,0.000000e+00,0.675000,1569
784,1.071761e-04,1.071761e-04,0.000000e+00,0.000000e+00,0.675000,1571
785,1.071761e-04,1.071761e-04,0.000000e+00,0.000000e+00,0.676000,1573
786,1.071761e-04,1.071761e-04,0.000000e+00,0.000000e+00,0.676000,1575
787,1.071761e-04,1.071761e-04,0.000000e+00,0.000000e+00,0.677000,1577
788,1.071761e-04,1.071761e-04,0.000000e+00,0.000000e+00,0.678000,1579
789,1.071761e-04,1.071761e-04,0.000000e+00,0.000000e+00,0.678000,1581
790,1.071761e-04,1.071761e-04,0.000000e+00,0.000000e+00,0.679000,1583
791,1.071761e-04,1.071761e-04,0.000000e+00,0.000000e+00,0.679000,1585
792,1.071761e-04,1.071761e-04,0.000000e+00,0.000000e+00,0.680000,1587
793,1.071761e-04,1.071761e-04,0.000000e+00,0.000000e+00,0.680000,1589
794,1.071761e-04,1.071761e-04,0.000000e+00,0.000000e+00,0.681000,1591
795,1.071761e-04,1.071761e-04,0.000000e+00,0.000000e+00,0.682000,1593
796,1.071761e-04,1.071761e-04,0.000000e+00,0.000000e+00,0.682000,1595
797,1.071761e-04,1.071761e-04,0.000000e+00,0.000000e+00,0.683000,1597
798,1.071761e-04,1.071761e-04,0.000000e+00,0.000000e+00,0.683000,1599
799,1.071761e-04,1.071761e-04,0.000000e+00,0.000000e+00,0.684000,1601
800,1.071761e-04,1.071761e-04,0.000000e+00,0.000000e+00,0.685000,1603
801,1.071761e-04,1.071761e-04,0.000000e+00,0.000000e+00,0.685000,1605
802,1.071761e-04,1.071761e-04,0.000000e+00,0.000000e+00,0.686000,1607
803,1.071761e-04,1.071761e-04,0.000000e+00,0.000000e+00,0.686000,1609
804,1.071761e-04,1.071761e-04,0.000000e+00,0.000000e+00,0.687000,1611
805,1.071761e-04,1.071761e-04,0.000000e+00,0.000000e+00,0.687000,1613
806,1.071761e-04,1.071761e-04,0.000000e+00,0.000000e+00,0.688000,1615
807,1.071761e-04,1.071761e-04,0.000000e+00,0.000000e+00,0.689000,1617
808,1.071761e-04,1.071761e-04,0.000000e+00,0.000000e+00,0.689000,1619
809,1.071761e-04,1.071761e-04,0.000000e+00,0.000000e+00,0.690000,1621
810,1.071761e-04,1.071761e-04,0.000000e+00,0.000000e+00,0.691000,1623
811,1.071761e-04,1.071761e-04,0.000000e+00,0.000000e+00,0.692000,1625
812,1.071761e-04,1.071761e-04,0.000000e+00,0.000000e+00,0.692000,1627
813,1.071761e-04,1.071761e-04,0.000000e+00,0.000000e+00,0.693000,1629
814,1.071761e-04,1.071761e-04,0.000000e+00,0.000000e+00,0.693000,1631
815,1.071761e-04,1.071761e-04,0.000000e+00,0.000000e+00,0.694000,1633
816,1.071761e-04,1.071761e-04,0.000000e+00,0.000000e+00,0.694000,1635
817,1.071761e-04,1.071761e-04,0.000000e+00,0.000000e+00,0.695000,1637
818,1.071761e-04,1.071761e-04,0.000000e+00,0.000000e+00,0.696000,1639
819,1.071761e-04,1.071761e-04,0.000000e+00,0.000000e+00,0.696000,1641
820,1.071761e-04,1.071761e-04,0.000000e+00,0.000000e+00,0.697000,1643
821,1.071761e-04,1.071761e-04,0.000000e+00,0.000000e+00,0.697000,1645
822,1.071761e-04,1.071761e-04,0.000000e+00,0.000000e+00,0.698000,1647
823,1.071761e-04,1.071761e-04,0.000000e+00,0.000000e+00,0.698000,1649
824,1.071761e-04,1.071761e-04,0.000000e+00,0.000000e+00,0.699000,1651
825,1.071761e-04,1.071761e-04,0.000000e+00,0.000000e+00,0.700000,1653
826,1.071761e-04,1.071761e-04,0.000000e+00,0.000000e+00,0.700000,1655
827,1.071761e-04,1.071761e-04,0.000000e+00,0.000000e+00,0.701000,1657
828,1.071761e-04,1.071761e-04,0.000000e+00,0.000000e+00,0.701000,1659
829,1.071761e-04,1.071761e-04,0.000000e+00,0.000000e+00,0.702000,1661
830,1.071761e-04,1.071761e-04,0.000000e+00,0.000000e+00,0.702000,1663
831,1.071761e-04,1.071761e-04,0.000000e+00,0.000000e+00,0.703000,1665
832,1.071761e-04,1.071761e-04,0.000000e+00,0.000000e+00,0.704000,1667
833,1.071761e-04,1.071761e-04,0.000000e+00,0.000000e+00,0.704000,1669
834,1.071761e-04,1.071761e-04,0.000000e+00,0.000000e+00,0.705000,1671
835,1.071761e-04,1.071761e-04,0.000000e+00,0.000000e+00,0.705000,1673
836,1.071761e-04,1.071761e-04,0.000000e+00,0.000000e+00,0.706000,1675
837,1.071761e-04,1.071761e-04,0.000000e+00,0.000000e+00,0.707000,1677
838,1.071761e-04,1.071761e-04,0.000000e+00,0.000000e+00,0.707000,1679
839,1.071761e-04,1.071761e-04,0.000000e+00,0.000000e+00,0.708000,1681
840,1.071761e-04,1.071761e-04,0.000000e+00,0.000000e+00,0.708000,1683
841,1.071761e-04,1.071761e-04,0.000000e+00,0.000000e+00,0.709000,1685
842,1.071761e-04,1.071761e-04,0.000000e+00,0.000000e+00,0.710000,1687
843,1.071761e-04,1.071761e-04,0.000000e+00,0.000000e+00,0.710000,1689
844,1.071761e-04,1.071761e-04,0.000000e+00,0.000000e+00,0.711000,1691
845,1.071761e-04,1.071761e-04,0.000000e+00,0.000000e+00,0.711000,1693
846,1.071761e-04,1.071761e-04,0.000000e+00,0.000000e+00,0.712000,1695
847,1.071761e-04,1.071761e-04,0.000000e+00,0.000000e+00,0.712000,1697
848,1.071761e-04,1.071761e-04,0.000000e+00,0.000000e+00,0.713000,1699
849,1.071761e-04,1.071761e-04,0.000000e+00,0.000000e+00,0.714000,1701
850,1.071761e-04,1.071761e-04,0.000000e+00,0.000000e+00,0.714000,1703
851,1.071761e-04,1.071761e-04,0.000000e+00,0.000000e+00,0.715000,1705
852,1.071761e-04,1.071761e-04,0.000000e+00,0.000000e+00,0.715000,1707
853,1.071761e-04,1.071761e-04,0.000000e+00,0.000000e+00,0.716000,1709
854,1.071761e-04,1.071761e-04,0.000000e+00,0.000000e+00,0.717000,1711
855,1.071761e-04,1.071761e-04,0.000000e+00,0.000000e+00,0.717000,1713
856,1.071761e-04,1.071761e-04,0.000000e+00,0.000000e+00,0.718000,1715
857,1.071761e-04,1.071761e-04,0.000000e+00,0.000000e+00,0.718000,1717
858,1.071761e-04,1.071761e-04,0.000000e+00,0.000000e+00,0.719000,1719
859,1.071761e-04,1.071761e-04,0.000000e+00,0.000000e+00,0.719000,1721
860,1.071761e-04,1.071761e-04,0.000000e+00,0.000000e+00,0.720000,1723
861,1.071761e-04,1.071761e-04,0.000000e+00,0.000000e+00,0.721000,1725
862,1.071761e-04,1.071761e-04,0.000000e+00,0.000000e+00,0.721000,1727
863,1.071761e-04,1.071761e-04,0.000000e+00,0.000000e+00,0.722000,1729
864,1.071761e-04,1.071761e-04,0.000000e+00,0.000000e+00,0.723000,1731
865,1.071761e-04,1.071761e-04,0.000000e+00,0.000000e+00,0.723000,1733
866,1.071761e-04,1.071761e-04,0.000000e+00,0.000000e+00,0.724000,1735
867,1.071761e-04,1.071761e-04,0.000000e+00,0.000000e+00,0.724000,1737
868,1.071761e-04,1.071761e-04,0.000000e+00,0.000000e+00,0.725000,1739
869,1.071761e-04,1.071761e-04,0.000000e+00,0.000000e+00,0.725000,1741
870,1.071761e-04,1.071761e-04,0.000000e+00,0.000000e+00,0.726000,1743
871,1.071761e-04,1.071761e-04,0.000000e+00,0.000000e+00,0.727000,1745
872,1.071761e-04,1.071761e-04,0.000000e+00,0.000000e+00,0.727000,1747
873,1.071761e-04,1.071761e-04,0.000000e+00,0.000000e+00,0.728000,1749
874,1.071761e-04,1.071761e-04,0.000000e+00,0.000000e+00,0.728000,1751
875,1.071761e-04,1.071761e-04,0.000000e+00,0.000000e+00,0.729000,1753
876,1.071761e-04,1.071761e-04,0.000000e+00,0.000000e+00,0.730000,1755
877,1.071761e-04,1.071761e-04,0.000000e+00,0.000000e+00,0.730000,1757
878,1.071761e-04,1.071761e-04,0.000000e+00,0.000000e+00,0.731000,1759
879,1.071761e-04,1.071761e-04,0.000000e+00,0.000000e+00,0.731000,1761
880,1.071761e-04,1.071761e-04,0.000000e+00,0.000000e+00,0.732000,1763
881,1.071761e-04,1.071761e-04,0.000000e+00,0.000000e+00,0.733000,1765
882,1.071761e-04,1.071761e-04,0.000000e+00,0.000000e+00,0.733000,1767
883,1.071761e-04,1.071761e-04,0.000000e+00,0.000000e+00,0.734000,1769
884,1.071761e-04,1.071761e-04,0.000000e+00,0.000000e+00,0.734000,1771
885,1.071761e-04,1.071761e-04,0.000000e+00,0.000000e+00,0.735000,1773
886,1.071761e-04,1.071761e-04,0.000000e+00,0.000000e+00,0.735000,1775
887,1.071761e-04,1.071761e-04,0.000000e+00,0.000000e+00,0.736000,1777
888,1.071761e-04,1.071761e-04,0.000000e+00,0.000000e+00,0.737000,1779
889,1.071761e-04,1.071761e-04,0.000000e+00,0.000000e+00,0.737000,1781
890,1.071761e-04,1.071761e-04,0.000000e+00,0.000000e+00,0.738000,1783
891,1.071761e-04,1.071761e-04,0.000000e+00,0.000000e+00,0.739000,1785
892,1.071761e-04,1.071761e-04,0.000000e+00,0.000000e+00,0.739000,1787
893,1.071761e-04,1.071761e-04,0.000000e+00,0.000000e+00,0.740000,1789
894,1.071761e-04,1.071761e-04,0.000000e+00,0.000000e+00,0.740000,1791
895,1.071761e-04,1.071761e-04,0.000000e+00,0.000000e+00,0.741000,1793
896,1.071761e-04,1.071761e-04,0.000000e+00,0.000000e+00,0.742000,1795
897,1.071761e-04,1.071761e-04,0.000000e+00,0.000000e+00,0.742000,1797
898,1.071761e-04,1.071761e-04,0.000000e+00,0.000000e+00,0.743000,1799
899,1.071761e-04,1.071761e-04,0.000000e+00,0.000000e+00,0.743000,1801
900,1.071761e-04,1.071761e-04,0.000000e+00,0.000000e+00,0.744000,1803
901,1.071761e-04,1.071761e-04,0.000000e+00,0.000000e+00,0.745000,1805
902,1.071761e-04,1.071761e-04,0.000000e+00,0.000000e+00,0.746000,1807
903,1.071761e-04,1.071761e-04,0.000000e+00,0.000000e+00,0.746000,1809
904,1.071761e-04,1.071761e-04,0.000000e+00,0.000000e+00,0.747000,1811
905,1.071761e-04,1.071761e-04,0.000000e+00,0.000000e+00,0.747000,1813
906,1.071761e-04,1.071761e-04,0.000000e+00,0.000000e+00,0.748000,1815
907,1.071761e-04,1.071761e-04,0.000000e+00,0.000000e+00,0.749000,1817
908,1.071761e-04,1.071761e-04,0.000000e+00,0.000000e+00,0.749000,1819
909,1.071761e-04,1.071761e-04,0.000000e+00,0.000000e+00,0.750000,1821
910,1.071761e-04,1.071761e-04,0.000000e+00,0.000000e+00,0.750000,1823
911,1.071761e-04,1.071761e-04,0.000000e+00,0.000000e+00,0.752000,1825
912,1.071761e-04,1.071761e-04,0.000000e+00,0.000000e+00,0.752000,1827
913,1.071761e-04,1.071761e-04,0.000000e+00,0.000000e+00,0.753000,1829
914,1.071761e-04,1.071761e-04,0.000000e+00,0.000000e+00,0.753000,1831
915,1.071761e-04,1.071761e-04,0.000000e+00,0.000000e+00,0.754000,1833
916,1.071761e-04,1.071761e-04,0.000000e+00,0.000000e+00,0.754000,1835
917,1.071761e-04,1.071761e-04,0.000000e+00,0.000000e+00,0.755000,1837
918,1.071761e-04,1.071761e-04,0.000000e+00,0.000000e+00,0.756000,1839
919,1.071761e-04,1.071761e-04,0.000000e+00,0.000000e+00,0.756000,1841
920,1.071761e-04,1.071761e-04,0.000000e+00,0.000000e+00,0.757000,1843
921,1.071761e-04,1.071761e-04,0.000000e+00,0.000000e+00,0.757000,1845
922,1.071761e-04,1.071761e-04,0.000000e+00,0.000000e+00,0.758000,1847
923,1.071761e-04,1.071761e-04,0.000000e+00,0.000000e+00,0.759000,1849
924,1.071761e-04,1.071761e-04,0.000000e+00,0.000000e+00,0.759000,1851
925,1.071761e-04,1.071761e-04,0.000000e+00,0.000000e+00,0.760000,1853
926,1.071761e-04,1.071761e-04,0.000000e+00,0.000000e+00,0.760000,1855
927,1.071761e-04,1.071761e-04,0.000000e+00,0.000000e+00,0.761000,1857
928,1.071761e-04,1.071761e-04,0.000000e+00,0.000000e+00,0.761000,1859
929,1.071761e-04,1.071761e-04,0.000000e+00,0.000000e+00,0.762000,1861
930,1.071761e-04,1.071761e-04,0.000000e+00,0.000000e+00,0.762000,1863
931,1.071761e-04,1.071761e-04,0.000000e+00,0.000000e+00,0.763000,1865
932,1.071761e-04,1.071761e-04,0.000000e+00,0.000000e+00,0.764000,1867
933,1.071761e-04,1.071761e-04,0.000000e+00,0.000000e+00,0.764000,1869
934,1.071761e-04,1.071761e-04,0.000000e+00,0.000000e+00,0.765000,1871
935,1.071761e-04,1.071761e-04,0.000000e+00,0.000000e+00,0.766000,1873
936,1.071761e-04,1.071761e-04,0.000000e+00,0.000000e+00,0.766000,1875
937,1.071761e-04,1.071761e-04,0.000000e+00,0.000000e+00,0.767000,1877
938,1.071761e-04,1.071761e-04,0.000000e+00,0.000000e+00,0.767000,1879
939,1.071761e-04,1.071761e-04,0.000000e+00,0.000000e+00,0.768000,1881
940,1.071761e-04,1.071761e-04,0.000000e+00,0.000000e+00,0.769000,1883
941,1.071761e-04,1.071761e-04,0.000000e+00,0.000000e+00,0.769000,1885
942,1.071761e-04,1.071761e-04,0.000000e+00,0.000000e+00,0.770000,1887
943,1.071761e-04,1.071761e-04,0.000000e+00,0.000000e+00,0.770000,1889
944,1.071761e-04,1.071761e-04,0.000000e+00,0.000000e+00,0.771000,1891
945,1.071761e-04,1.071761e-04,0.000000e+00,0.000000e+00,0.772000,1893
946,1.071761e-04,1.071761e-04,0.000000e+00,0.000000e+00,0.772000,1895
947,1.071761e-04,1.071761e-04,0.000000e+00,0.000000e+00,0.773000,1897
948,1.071761e-04,1.071761e-04,0.000000e+00,0.000000e+00,0.773000,1899
949,1.071761e-04,1.071761e-04,0.000000e+00,0.000000e+00,0.774000,1901
950,1.071761e-04,1.071761e-04,0.000000e+00,0.000000e+00,0.774000,1903
951,1.071761e-04,1.071761e-04,0.000000e+00,0.000000e+00,0.775000,1905
952,1.071761e-04,1.071761e-04,0.000000e+00,0.000000e+00,0.776000,1907
953,1.071761e-04,1.071761e-04,0.000000e+00,0.000000e+00,0.776000,1909
954,1.071761e-04,1.071761e-04,0.000000e+00,0.000000e+00,0.777000,1911
955,1.071761e-04,1.071761e-04,0.000000e+00,0.000000e+00,0.778000,1913
956,1.071761e-04,1.071761e-04,0.000000e+00,0.000000e+00,0.778000,1915
957,1.071761e-04,1.071761e-04,0.000000e+00,0.000000e+00,0.779000,1917
958,1.071761e-04,1.071761e-04,0.000000e+00,0.000000e+00,0.780000,1919
959,1.071761e-04,1.071761e-04,0.000000e+00,0.000000e+00,0.780000,1921
960,1.071761e-04,1.071761e-04,0.000000e+00,0.000000e+00,0.781000,1923
961,1.071761e-04,1.071761e-04,0.000000e+00,0.000000e+00,0.781000,1925
962,1.071761e-04,1.071761e-04,0.000000e+00,0.000000e+00,0.782000,1927
963,1.071761e-04,1.071761e-04,0.000000e+00,0.000000e+00,0.783000,1929
964,1.071761e-04,1.071761e-04,0.000000e+00,0.000000e+00,0.783000,1931
965,1.071761e-04,1.071761e-04,0.000000e+00,0.000000e+00,0.784000,1933
966,1.071761e-04,1.071761e-04,0.000000e+00,0.000000e+00,0.784000,1935
967,1.071761e-04,1.071761e-04,0.000000e+00,0.000000e+00,0.785000,1937
968,1.071761e-04,1.071761e-04,0.000000e+00,0.000000e+00,0.785000,1939
969,1.071761e-04,1.071761e-04,0.000000e+00,0.000000e+00,0.786000,1941
970,1.071761e-04,1.071761e-04,0.000000e+00,0.000000e+00,0.786000,1943
971,1.071761e-04,1.071761e-04,0.000000e+00,0.000000e+00,0.787000,1945
972,1.071761e-04,1.071761e-04,0.000000e+00,0.000000e+00,0.788000,1947
973,1.071761e-04,1.071761e-04,0.000000e+00,0.000000e+00,0.788000,1949
974,1.071761e-04,1.071761e-04,0.000000e+00,0.000000e+00,0.789000,1951
975,1.071761e-04,1.071761e-04,0.000000e+00,0.000000e+00,0.789000,1953
976,1.071761e-04,1.071761e-04,0.000000e+00,0.000000e+00,0.790000,1955
977,1.071761e-04,1.071761e-04,0.000000e+00,0.000000e+00,0.791000,1957
978,1.071761e-04,1.071761e-04,0.000000e+00,0.000000e+00,0.791000,1959
979,1.071761e-04,1.071761e-04,0.000000e+00,0.000000e+00,0.792000,1961
980,1.071761e-04,1.071761e-04,0.000000e+00,0.000000e+00,0.792000,1963
981,1.071761e-04,1.071761e-04,0.000000e+00,0.000000e+00,0.793000,1965
982,1.071761e-04,1.071761e-04,0.000000e+00,0.000000e+00,0.793000,1967
983,1.071761e-04,1.071761e-04,0.000000e+00,0.000000e+00,0.794000,1969
984,1.071761e-04,1.071761e-04,0.000000e+00,0.000000e+00,0.795000,1971
985,1.071761e-04,1.071761e-04,0.000000e+00,0.000000e+00,0.795000,1973
986,1.071761e-04,1.071761e-04,0.000000e+00,0.000000e+00,0.796000,1975
987,1.071761e-04,1.071761e-04,0.000000e+00,0.000000e+00,0.796000,1977
988,1.071761e-04,1.071761e-04,0.000000e+00,0.000000e+00,0.797000,1979
989,1.071761e-04,1.071761e-04,0.000000e+00,0.000000e+00,0.797000,1981
990,1.071761e-04,1.071761e-04,0.000000e+00,0.000000e+00,0.798000,1983
991,1.071761e-04,1.071761e-04,0.000000e+00,0.000000e+00,0.799000,1985
992,1.071761e-04,1.071761e-04,0.000000e+00,0.000000e+00,0.799000,1987
993,1.071761e-04,1.071761e-04,0.000000e+00,0.000000e+00,0.800000,1989
994,1.071761e-04,1.071761e-04,0.000000e+00,0.000000e+00,0.801000,1991
995,1.071761e-04,1.071761e-04,0.000000e+00,0.000000e+00,0.801000,1993
996,1.071761e-04,1.071761e-04,0.000000e+00,0.000000e+00,0.802000,1995
997,1.071761e-04,1.071761e-04,0.000000e+00,0.000000e+00,0.802000,1997
998,1.071761e-04,1.071761e-04,0.000000e+00,0.000000e+00,0.803000,1999
999,1.071761e-04,1.071761e-04,0.000000e+00,0.000000e+00,0.803000,2001


 SA simulation finished

Best Fitness=1.071761e-04,x[0]=7.349999e-04|,