1
1000
100000.000000|1.000000|1.000000|1000|
5|
0,1.097789e+02,1.097789e+02,0.000000e+00,0.000000e+00,0.001000,3
1,1.097789e+02,1.097789e+02,0.000000e+00,0.000000e+00,0.002000,5
2,1.097789e+02,1.097789e+02,0.000000e+00,0.000000e+00,0.003000,7
3,8.732722e+01,8.732722e+01,0.000000e+00,0.000000e+00,0.003000,9
4,8.732722e+01,8.732722e+01,0.000000e+00,0.000000e+00,0.006000,11
5,8.732722e+01,8.732722e+01,0.000000e+00,0.000000e+00,0.007000,13
6,8.732722e+01,8.732722e+01,0.000000e+00,0.000000e+00,0.009000,15
7,8.732722e+01,8.732722e+01,0.000000e+00,0.000000e+00,0.020000,17
8,8.732722e+01,8.732722e+01,0.000000e+00,0.000000e+00,0.021000,19
9,8.732722e+01,8.732722e+01,0.000000e+00,0.000000e+00,0.022000,21
10,8.732722e+01,8.732722e+01,0.000000e+00,0.000000e+00,0.023000,23
11,8.732722e+01,8.732722e+01,0.000000e+00,0.000000e+00,0.026000,25
12,8.732722e+01,8.732722e+01,0.000000e+00,0.000000e+00,0.028000,27
13,8.732722e+01,8.732722e+01,0.000000e+00,0.000000e+00,0.031000,29
14,8.732722e+01,8.732722e+01,0.000000e+00,0.000000e+00,0.033000,31
15,8.732722e+01,8.732722e+01,0.000000e+00,0.000000e+00,0.035000,33
16,8.732722e+01,8.732722e+01,0.000000e+00,0.000000e+00,0.036000,35
17,8.732722e+01,8.732722e+01,0.000000e+00,0.000000e+00,0.038000,37
18,8.732722e+01,8.732722e+01,0.000000e+00,0.000000e+00,0.041000,39
19,8.305981e+01,8.305981e+01,0.000000e+00,0.000000e+00,0.043000,41
20,8.305981e+01,8.305981e+01,0.000000e+00,0.000000e+00,0.044000,43
21,8.305981e+01,8.305981e+01,0.000000e+00,0.000000e+00,0.047000,45
22,8.305981e+01,8.305981e+01,0.000000e+00,0.000000e+00,0.048000,47
23,8.305981e+01,8.305981e+01,0.000000e+00,0.000000e+00,0.049000,49
24,8.305981e+01,8.305981e+01,0.000000e+00,0.000000e+00,0.050000,51
25,8.305981e+01,8.305981e+01,0.000000e+00,0.000000e+00,0.050000,53
26,8.305981e+01,8.305981e+01,0.000000e+00,0.000000e+00,0.051000,55
27,8.305981e+01,8.305981e+01,0.000000e+00,0.000000e+00,0.054000,57
28,8.305981e+01,8.305981e+01,0.000000e+00,0.000000e+00,0.056000,59
29,8.305981e+01,8.305981e+01,0.000000e+00,0.000000e+00,0.056000,61
30,8.305981e+01,8.305981e+01,0.000000e+00,0.000000e+00,0.057000,63
31,8.305981e+01,8.305981e+01,0.000000e+00,0.000000e+00,0.060000,65
32,8.305981e+01,8.305981e+01,0.000000e+00,0.000000e+00,0.061000,67
33,8.305981e+01,8.305981e+01,0.000000e+00,0.000000e+00,0.062000,69
34,8.305981e+01,8.305981e+01,0.000000e+00,0.000000e+00,0.063000,71
35,8.305981e+01,8.305981e+01,0.000000e+00,0.000000e+00,0.063000,73
36,8.305981e+01,8.305981e+01,0.000000e+00,0.000000e+00,0.064000,75
37,8.305981e+01,8.305981e+01,0.000000e+00,0.000000e+00,0.066000,77
38,8.305981e+01,8.305981e+01,0.000000e+00,0.000000e+00,0.068000,79
39,8.305981e+01,8.305981e+01,0.000000e+00,0.000000e+00,0.069000,81
40,8.305981e+01,8.305981e+01,0.000000e+00,0.000000e+00,0.069000,83
41,7.883042e+01,7.883042e+01,0.000000e+00,0.000000e+00,0.070000,85
42,7.883042e+01,7.883042e+01,0.000000e+00,0.000000e+00,0.071000,87
43,7.883042e+01,7.883042e+01,0.000000e+00,0.000000e+00,0.071000,89
44,7.883042e+01,7.883042e+01,0.000000e+00,0.000000e+00,0.074000,91
45,7.883042e+01,7.883042e+01,0.000000e+00,0.000000e+00,0.075000,93
46,7.883042e+01,7.883042e+01,0.000000e+00,0.000000e+00,0.076000,95
47,7.883042e+01,7.883042e+01,0.000000e+00,0.000000e+00,0.077000,97
48,7.883042e+01,7.883042e+01,0.000000e+00,0.000000e+00,0.077000,99
49,7.883042e+01,7.883042e+01,0.000000e+00,0.000000e+00,0.078000,101
50,7.883042e+01,7.883042e+01,0.000000e+00,0.000000e+00,0.080000,103
51,7.883042e+01,7.883042e+01,0.000000e+00,0.000000e+00,0.081000,105
52,7.883042e+01,7.883042e+01,0.000000e+00,0.000000e+00,0.082000,107
53,7.883042e+01,7.883042e+01,0.000000e+00,0.000000e+00,0.082000,109
54,7.883042e+01,7.883042e+01,0.000000e+00,0.000000e+00,0.083000,111
55,7.883042e+01,7.883042e+01,0.000000e+00,0.000000e+00,0.084000,113
56,7.883042e+01,7.883042e+01,0.000000e+00,0.000000e+00,0.084000,115
57,7.883042e+01,7.883042e+01,0.000000e+00,0.000000e+00,0.085000,117
58,7.883042e+01,7.883042e+01,0.000000e+00,0.000000e+00,0.087000,119
59,7.883042e+01,7.883042e+01,0.000000e+00,0.000000e+00,0.090000,121
60,7.883042e+01,7.883042e+01,0.000000e+00,0.000000e+00,0.090000,123
61,7.883042e+01,7.883042e+01,0.000000e+00,0.000000e+00,0.091000,125
62,7.883042e+01,7.883042e+01,0.000000e+00,0.000000e+00,0.093000,127
63,7.883042e+01,7.883042e+01,0.000000e+00,0.000000e+00,0.094000,129
64,7.883042e+01,7.883042e+01,0.000000e+00,0.000000e+00,0.096000,131
65,7.883042e+01,7.883042e+01,0.000000e+00,0.000000e+00,0.096000,133
66,7.883042e+01,7.883042e+01,0.000000e+00,0.000000e+00,0.097000,135
67,7.883042e+01,7.883042e+01,0.000000e+00,0.000000e+00,0.097000,137
68,7.883042e+01,7.883042e+01,0.000000e+00,0.000000e+00,0.098000,139
69,7.883042e+01,7.883042e+01,0.000000e+00,0.000000e+00,0.099000,141
70,7.883042e+01,7.883042e+01,0.000000e+00,0.000000e+00,0.100000,143
71,7.883042e+01,7.883042e+01,0.000000e+00,0.000000e+00,0.102000,145
72,7.883042e+01,7.883042e+01,0.000000e+00,0.000000e+00,0.103000,147
73,7.883042e+01,7.883042e+01,0.000000e+00,0.000000e+00,0.104000,149
74,7.883042e+01,7.883042e+01,0.000000e+00,0.000000e+00,0.105000,151
75,7.883042e+01,7.883042e+01,0.000000e+00,0.000000e+00,0.105000,153
76,7.883042e+01,7.883042e+01,0.000000e+00,0.000000e+00,0.107000,155
77,7.883042e+01,7.883042e+01,0.000000e+00,0.000000e+00,0.109000,157
78,7.883042e+01,7.883042e+01,0.000000e+00,0.000000e+00,0.110000,159
79,7.883042e+01,7.883042e+01,0.000000e+00,0.000000e+00,0.111000,161
80,7.883042e+01,7.883042e+01,0.000000e+00,0.000000e+00,0.111000,163
81,7.883042e+01,7.883042e+01,0.000000e+00,0.000000e+00,0.112000,165
82,7.883042e+01,7.883042e+01,0.000000e+00,0.000000e+00,0.113000,167
83,7.883042e+01,7.883042e+01,0.000000e+00,0.000000e+00,0.115000,169
84,7.883042e+01,7.883042e+01,0.000000e+00,0.000000e+00,0.116000,171
85,7.883042e+01,7.883042e+01,0.000000e+00,0.000000e+00,0.117000,173
86,7.883042e+01,7.883042e+01,0.000000e+00,0.000000e+00,0.118000,175
87,7.883042e+01,7.883042e+01,0.000000e+00,0.000000e+00,0.119000,177
88,7.883042e+01,7.883042e+01,0.000000e+00,0.000000e+00,0.120000,179
89,7.883042e+01,7.883042e+01,0.000000e+00,0.000000e+00,0.121000,181
90,7.883042e+01,7.883042e+01,0.000000e+00,0.000000e+00,0.123000,183
91,7.883042e+01,7.883042e+01,0.000000e+00,0.000000e+00,0.124000,185
92,7.883042e+01,7.883042e+01,0.000000e+00,0.000000e+00,0.124000,187
93,7.883042e+01,7.883042e+01,0.000000e+00,0.000000e+00,0.125000,189
94,7.883042e+01,7.883042e+01,0.000000e+00,0.000000e+00,0.126000,191
95,7.883042e+01,7.883042e+01,0.000000e+00,0.000000e+00,0.126000,193
96,7.883042e+01,7.883042e+01,0.000000e+00,0.000000e+00,0.128000,195
97,7.883042e+01,7.883042e+01,0.000000e+00,0.000000e+00,0.130000,197
98,7.883042e+01,7.883042e+01,0.000000e+00,0.000000e+00,0.131000,199
99,7.883042e+01,7.883042e+01,0.000000e+00,0.000000e+00,0.131000,201
100,7.883042e+01,7.883042e+01,0.000000e+00,0.000000e+00,0.132000,203
101,7.883042e+01,7.883042e+01,0.000000e+00,0.000000e+00,0.133000,205
102,7.883042e+01,7.883042e+01,0.000000e+00,0.000000e+00,0.134000,207
103,7.883042e+01,7.883042e+01,0.000000e+00,0.000000e+00,0.138000,209
104,7.883042e+01,7.883042e+01,0.000000e+00,0.000000e+00,0.139000,211
105,7.883042e+01,7.883042e+01,0.000000e+00,0.000000e+00,0.139000,213
106,7.883042e+01,7.883042e+01,0.000000e+00,0.000000e+00,0.140000,215
107,7.883042e+01,7.883042e+01,0.000000e+00,0.000000e+00,0.142000,217
108,7.883042e+01,7.883042e+01,0.000000e+00,0.000000e+00,0.144000,219
109,7.883042e+01,7.883042e+01,0.000000e+00,0.000000e+00,0.145000,221
110,7.883042e+01,7.883042e+01,0.000000e+00,0.000000e+00,0.145000,223
111,7.883042e+01,7.883042e+01,0.000000e+00,0.000000e+00,0.146000,225
112,7.883042e+01,7.883042e+01,0.000000e+00,0.000000e+00,0.147000,227
113,7.883042e+01,7.883042e+01,0.000000e+00,0.000000e+00,0.149000,229
114,7.883042e+01,7.883042e+01,0.000000e+00,0.000000e+00,0.150000,231
115,7.883042e+01,7.883042e+01,0.000000e+00,0.000000e+00,0.153000,233
116,7.883042e+01,7.883042e+01,0.000000e+00,0.000000e+00,0.154000,235
117,7.883042e+01,7.883042e+01,0.000000e+00,0.000000e+00,0.156000,237
118,7.883042e+01,7.883042e+01,0.000000e+00,0.000000e+00,0.158000,239
119,7.883042e+01,7.883042e+01,0.000000e+00,0.000000e+00,0.159000,241
120,7.883042e+01,7.883042e+01,0.000000e+00,0.000000e+00,0.160000,243
121,7.883042e+01,7.883042e+01,0.000000e+00,0.000000e+00,0.161000,245
122,7.883042e+01,7.883042e+01,0.000000e+00,0.000000e+00,0.163000,247
123,7.883042e+01,7.883042e+01,0.000000e+00,0.000000e+00,0.165000,249
124,7.883042e+01,7.883042e+01,0.000000e+00,0.000000e+00,0.166000,251
125,7.883042e+01,7.883042e+01,0.000000e+00,0.000000e+00,0.167000,253
126,6.663451e+01,6.663451e+01,0.000000e+00,0.000000e+00,0.168000,255
127,6.663451e+01,6.663451e+01,0.000000e+00,0.000000e+00,0.170000,257
128,6.663451e+01,6.663451e+01,0.000000e+00,0.000000e+00,0.172000,259
129,6.663451e+01,6.663451e+01,0.000000e+00,0.000000e+00,0.173000,261
130,6.376954e+01,6.376954e+01,0.000000e+00,0.000000e+00,0.174000,263
131,6.376954e+01,6.376954e+01,0.000000e+00,0.000000e+00,0.175000,265
132,6.376954e+01,6.376954e+01,0.000000e+00,0.000000e+00,0.175000,267
133,6.376954e+01,6.376954e+01,0.000000e+00,0.000000e+00,0.177000,269
134,6.376954e+01,6.376954e+01,0.000000e+00,0.000000e+00,0.179000,271
135,6.376954e+01,6.376954e+01,0.000000e+00,0.000000e+00,0.180000,273
136,6.376954e+01,6.376954e+01,0.000000e+00,0.000000e+00,0.181000,275
137,6.376954e+01,6.376954e+01,0.000000e+00,0.000000e+00,0.183000,277
138,6.376954e+01,6.376954e+01,0.000000e+00,0.000000e+00,0.185000,279
139,6.376954e+01,6.376954e+01,0.000000e+00,0.000000e+00,0.187000,281
140,6.376954e+01,6.376954e+01,0.000000e+00,0.000000e+00,0.187000,283
141,6.376954e+01,6.376954e+01,0.000000e+00,0.000000e+00,0.188000,285
142,6.376954e+01,6.376954e+01,0.000000e+00,0.000000e+00,0.189000,287
143,6.376954e+01,6.376954e+01,0.000000e+00,0.000000e+00,0.191000,289
144,6.376954e+01,6.376954e+01,0.000000e+00,0.000000e+00,0.193000,291
145,6.376954e+01,6.376954e+01,0.000000e+00,0.000000e+00,0.194000,293
146,6.376954e+01,6.376954e+01,0.000000e+00,0.000000e+00,0.195000,295
147,6.376954e+01,6.376954e+01,0.000000e+00,0.000000e+00,0.196000,297
148,6.376954e+01,6.376954e+01,0.000000e+00,0.000000e+00,0.199000,299
149,6.376954e+01,6.376954e+01,0.000000e+00,0.000000e+00,0.201000,301
150,6.376954e+01,6.376954e+01,0.000000e+00,0.000000e+00,0.202000,303
151,6.376954e+01,6.376954e+01,0.000000e+00,0.000000e+00,0.202000,305
152,6.376954e+01,6.376954e+01,0.000000e+00,0.000000e+00,0.204000,307
153,6.376954e+01,6.376954e+01,0.000000e+00,0.000000e+00,0.207000,309
154,6.376954e+01,6.376954e+01,0.000000e+00,0.000000e+00,0.208000,311
155,6.376954e+01,6.376954e+01,0.000000e+00,0.000000e+00,0.209000,313
156,6.376954e+01,6.376954e+01,0.000000e+00,0.000000e+00,0.210000,315
157,6.376954e+01,6.376954e+01,0.000000e+00,0.000000e+00,0.212000,317
158,6.376954e+01,6.376954e+01,0.000000e+00,0.000000e+00,0.215000,319
159,6.376954e+01,6.376954e+01,0.000000e+00,0.000000e+00,0.216000,321
160,6.376954e+01,6.376954e+01,0.000000e+00,0.000000e+00,0.217000,323
161,5.891703e+01,5.891703e+01,0.000000e+00,0.000000e+00,0.220000,325
162,5.891703e+01,5.891703e+01,0.000000e+00,0.000000e+00,0.221000,327
163,5.891703e+01,5.891703e+01,0.000000e+00,0.000000e+00,0.222000,329
164,5.891703e+01,5.891703e+01,0.000000e+00,0.000000e+00,0.223000,331
165,5.891703e+01,5.891703e+01,0.000000e+00,0.000000e+00,0.225000,333
166,5.891703e+01,5.891703e+01,0.000000e+00,0.000000e+00,0.228000,335
167,5.891703e+01,5.891703e+01,0.000000e+00,0.000000e+00,0.229000,337
168,5.891703e+01,5.891703e+01,0.000000e+00,0.000000e+00,0.230000,339
169,5.891703e+01,5.891703e+01,0.000000e+00,0.000000e+00,0.231000,341
170,5.891703e+01,5.891703e+01,0.000000e+00,0.000000e+00,0.233000,343
171,5.891703e+01,5.891703e+01,0.000000e+00,0.000000e+00,0.235000,345
172,5.891703e+01,5.891703e+01,0.000000e+00,0.000000e+00,0.236000,347
173,5.891703e+01,5.891703e+01,0.000000e+00,0.000000e+00,0.237000,349
174,5.891703e+01,5.891703e+01,0.000000e+00,0.000000e+00,0.238000,351
175,5.891703e+01,5.891703e+01,0.000000e+00,0.000000e+00,0.240000,353
176,5.891703e+01,5.891703e+01,0.000000e+00,0.000000e+00,0.242000,355
177,5.891703e+01,5.891703e+01,0.000000e+00,0.000000e+00,0.243000,357
178,5.891703e+01,5.891703e+01,0.000000e+00,0.000000e+00,0.244000,359
179,5.891703e+01,5.891703e+01,0.000000e+00,0.000000e+00,0.245000,361
180,5.891703e+01,5.891703e+01,0.000000e+00,0.000000e+00,0.249000,363
181,5.891703e+01,5.891703e+01,0.000000e+00,0.000000e+00,0.250000,365
182,5.891703e+01,5.891703e+01,0.000000e+00,0.000000e+00,0.251000,367
183,5.891703e+01,5.891703e+01,0.000000e+00,0.000000e+00,0.252000,369
184,5.891703e+01,5.891703e+01,0.000000e+00,0.000000e+00,0.254000,371
185,5.891703e+01,5.891703e+01,0.000000e+00,0.000000e+00,0.256000,373
186,5.891703e+01,5.891703e+01,0.000000e+00,0.000000e+00,0.256000,375
187,5.891703e+01,5.891703e+01,0.000000e+00,0.000000e+00,0.257000,377
188,5.891703e+01,5.891703e+01,0.000000e+00,0.000000e+00,0.259000,379
189,5.891703e+01,5.891703e+01,0.000000e+00,0.000000e+00,0.260000,381
190,5.891703e+01,5.891703e+01,0.000000e+00,0.000000e+00,0.261000,383
191,5.891703e+01,5.891703e+01,0.000000e+00,0.000000e+00,0.262000,385
192,5.891703e+01,5.891703e+01,0.000000e+00,0.000000e+00,0.263000,387
193,5.891703e+01,5.891703e+01,0.000000e+00,0.000000e+00,0.264000,389
194,5.891703e+01,5.891703e+01,0.000000e+00,0.000000e+00,0.265000,391
195,5.891703e+01,5.891703e+01,0.000000e+00,0.000000e+00,0.266000,393
196,5.891703e+01,5.891703e+01,0.000000e+00,0.000000e+00,0.267000,395
197,5.891703e+01,5.891703e+01,0.000000e+00,0.000000e+00,0.268000,397
198,5.891703e+01,5.891703e+01,0.000000e+00,0.000000e+00,0.269000,399
199,5.891703e+01,5.891703e+01,0.000000e+00,0.000000e+00,0.270000,401
200,5.891703e+01,5.891703e+01,0.000000e+00,0.000000e+00,0.271000,403
201,5.891703e+01,5.891703e+01,0.000000e+00,0.000000e+00,0.272000,405
202,5.891703e+01,5.891703e+01,0.000000e+00,0.000000e+00,0.273000,407
203,5.891703e+01,5.891703e+01,0.000000e+00,0.000000e+00,0.274000,409
204,5.891703e+01,5.891703e+01,0.000000e+00,0.000000e+00,0.275000,411
205,5.891703e+01,5.891703e+01,0.000000e+00,0.000000e+00,0.276000,413
206,5.891703e+01,5.891703e+01,0.000000e+00,0.000000e+00,0.277000,415
207,5.891703e+01,5.891703e+01,0.000000e+00,0.000000e+00,0.278000,417
208,5.891703e+01,5.891703e+01,0.000000e+00,0.000000e+00,0.279000,419
209,5.891703e+01,5.891703e+01,0.000000e+00,0.000000e+00,0.280000,421
210,5.891703e+01,5.891703e+01,0.000000e+00,0.000000e+00,0.281000,423
211,5.891703e+01,5.891703e+01,0.000000e+00,0.000000e+00,0.282000,425
212,5.891703e+01,5.891703e+01,0.000000e+00,0.000000e+00,0.283000,427
213,5.891703e+01,5.891703e+01,0.000000e+00,0.000000e+00,0.284000,429
214,5.891703e+01,5.891703e+01,0.000000e+00,0.000000e+00,0.285000,431
215,5.891703e+01,5.891703e+01,0.000000e+00,0.000000e+00,0.286000,433
216,5.891703e+01,5.891703e+01,0.000000e+00,0.000000e+00,0.287000,435
217,5.891703e+01,5.891703e+01,0.000000e+00,0.000000e+00,0.288000,437
218,5.891703e+01,5.891703e+01,0.000000e+00,0.000000e+00,0.289000,439
219,5.891703e+01,5.891703e+01,0.000000e+00,0.000000e+00,0.290000,441
220,5.891703e+01,5.891703e+01,0.000000e+00,0.000000e+00,0.291000,443
221,5.891703e+01,5.891703e+01,0.000000e+00,0.000000e+00,0.292000,445
222,5.891703e+01,5.891703e+01,0.000000e+00,0.000000e+00,0.293000,447
223,5.891703e+01,5.891703e+01,0.000000e+00,0.000000e+00,0.294000,449
224,5.891703e+01,5.891703e+01,0.000000e+00,0.000000e+00,0.295000,451
225,5.891703e+01,5.891703e+01,0.000000e+00,0.000000e+00,0.296000,453
226,5.891703e+01,5.891703e+01,0.000000e+00,0.000000e+00,0.297000,455
227,5.891703e+01,5.891703e+01,0.000000e+00,0.000000e+00,0.298000,457
228,5.891703e+01,5.891703e+01,0.000000e+00,0.000000e+00,0.299000,459
229,5.891703e+01,5.891703e+01,0.000000e+00,0.000000e+00,0.300000,461
230,5.891703e+01,5.891703e+01,0.000000e+00,0.000000e+00,0.301000,463
231,5.891703e+01,5.891703e+01,0.000000e+00,0.000000e+00,0.302000,465
232,4.853372e+01,4.853372e+01,0.000000e+00,0.000000e+00,0.303000,467
233,4.853372e+01,4.853372e+01,0.000000e+00,0.000000e+00,0.304000,469
234,4.853372e+01,4.853372e+01,0.000000e+00,0.000000e+00,0.305000,471
235,4.853372e+01,4.853372e+01,0.000000e+00,0.000000e+00,0.306000,473
236,4.853372e+01,4.853372e+01,0.000000e+00,0.000000e+00,0.307000,475
237,4.853372e+01,4.853372e+01,0.000000e+00,0.000000e+00,0.308000,477
238,4.853372e+01,4.853372e+01,0.000000e+00,0.000000e+00,0.309000,479
239,4.853372e+01,4.853372e+01,0.000000e+00,0.000000e+00,0.310000,481
240,4.853372e+01,4.853372e+01,0.000000e+00,0.000000e+00,0.311000,483
241,4.853372e+01,4.853372e+01,0.000000e+00,0.000000e+00,0.312000,485
242,4.853372e+01,4.853372e+01,0.000000e+00,0.000000e+00,0.313000,487
243,4.853372e+01,4.853372e+01,0.000000e+00,0.000000e+00,0.314000,489
244,4.853372e+01,4.853372e+01,0.000000e+00,0.000000e+00,0.315000,491
245,4.853372e+01,4.853372e+01,0.000000e+00,0.000000e+00,0.316000,493
246,4.853372e+01,4.853372e+01,0.000000e+00,0.000000e+00,0.317000,495
247,4.853372e+01,4.853372e+01,0.000000e+00,0.000000e+00,0.318000,497
248,4.853372e+01,4.853372e+01,0.000000e+00,0.000000e+00,0.319000,499
249,4.853372e+01,4.853372e+01,0.000000e+00,0.000000e+00,0.320000,501
250,4.853372e+01,4.853372e+01,0.000000e+00,0.000000e+00,0.321000,503
251,4.853372e+01,4.853372e+01,0.000000e+00,0.000000e+00,0.322000,505
252,4.853372e+01,4.853372e+01,0.000000e+00,0.000000e+00,0.323000,507
253,4.853372e+01,4.853372e+01,0.000000e+00,0.000000e+00,0.324000,509
254,4.853372e+01,4.853372e+01,0.000000e+00,0.000000e+00,0.325000,511
255,4.853372e+01,4.853372e+01,0.000000e+00,0.000000e+00,0.326000,513
256,4.853372e+01,4.853372e+01,0.000000e+00,0.000000e+00,0.327000,515
257,4.853372e+01,4.853372e+01,0.000000e+00,0.000000e+00,0.328000,517
258,4.853372e+01,4.853372e+01,0.000000e+00,0.000000e+00,0.329000,519
259,4.853372e+01,4.853372e+01,0.000000e+00,0.000000e+00,0.330000,521
260,4.853372e+01,4.853372e+01,0.000000e+00,0.000000e+00,0.331000,523
261,4.853372e+01,4.853372e+01,0.000000e+00,0.000000e+00,0.332000,525
262,4.853372e+01,4.853372e+01,0.000000e+00,0.000000e+00,0.333000,527
263,4.853372e+01,4.853372e+01,0.000000e+00,0.000000e+00,0.334000,529
264,4.853372e+01,4.853372e+01,0.000000e+00,0.000000e+00,0.335000,531
265,4.853372e+01,4.853372e+01,0.000000e+00,0.000000e+00,0.336000,533
266,4.853372e+01,4.853372e+01,0.000000e+00,0.000000e+00,0.337000,535
267,4.853372e+01,4.853372e+01,0.000000e+00,0.000000e+00,0.338000,537
268,4.853372e+01,4.853372e+01,0.000000e+00,0.000000e+00,0.339000,539
269,4.853372e+01,4.853372e+01,0.000000e+00,0.000000e+00,0.340000,541
270,4.853372e+01,4.853372e+01,0.000000e+00,0.000000e+00,0.341000,543
271,4.853372e+01,4.853372e+01,0.000000e+00,0.000000e+00,0.342000,545
272,4.853372e+01,4.853372e+01,0.000000e+00,0.000000e+00,0.343000,547
273,4.853372e+01,4.853372e+01,0.000000e+00,0.000000e+00,0.344000,549
274,4.853372e+01,4.853372e+01,0.000000e+00,0.000000e+00,0.345000,551
275,4.853372e+01,4.853372e+01,0.000000e+00,0.000000e+00,0.346000,553
276,4.853372e+01,4.853372e+01,0.000000e+00,0.000000e+00,0.347000,555
277,4.853372e+01,4.853372e+01,0.000000e+00,0.000000e+00,0.348000,557
278,4.853372e+01,4.853372e+01,0.000000e+00,0.000000e+00,0.349000,559
279,4.853372e+01,4.853372e+01,0.000000e+00,0.000000e+00,0.350000,561
280,4.853372e+01,4.853372e+01,0.000000e+00,0.000000e+00,0.351000,563
281,4.853372e+01,4.853372e+01,0.000000e+00,0.000000e+00,0.352000,565
282,4.853372e+01,4.853372e+01,0.000000e+00,0.000000e+00,0.353000,567
283,4.853372e+01,4.853372e+01,0.000000e+00,0.000000e+00,0.354000,569
284,4.853372e+01,4.853372e+01,0.000000e+00,0.000000e+00,0.355000,571
285,4.853372e+01,4.853372e+01,0.000000e+00,0.000000e+00,0.357000,573
286,4.853372e+01,4.853372e+01,0.000000e+00,0.000000e+00,0.358000,575
287,4.853372e+01,4.853372e+01,0.000000e+00,0.000000e+00,0.359000,577
288,4.853372e+01,4.853372e+01,0.000000e+00,0.000000e+00,0.360000,579
289,4.853372e+01,4.853372e+01,0.000000e+00,0.000000e+00,0.360000,581
290,4.853372e+01,4.853372e+01,0.000000e+00,0.000000e+00,0.361000,583
291,4.853372e+01,4.853372e+01,0.000000e+00,0.000000e+00,0.363000,585
292,4.853372e+01,4.853372e+01,0.000000e+00,0.000000e+00,0.363000,587
293,4.853372e+01,4.853372e+01,0.000000e+00,0.000000e+00,0.365000,589
294,4.853372e+01,4.853372e+01,0.000000e+00,0.000000e+00,0.366000,591
295,4.853372e+01,4.853372e+01,0.000000e+00,0.000000e+00,0.367000,593
296,4.853372e+01,4.853372e+01,0.000000e+00,0.000000e+00,0.368000,595
297,4.853372e+01,4.853372e+01,0.000000e+00,0.000000e+00,0.369000,597
298,4.853372e+01,4.853372e+01,0.000000e+00,0.000000e+00,0.370000,599
299,4.298473e+01,4.298473e+01,0.000000e+00,0.000000e+00,0.372000,601
300,4.298473e+01,4.298473e+01,0.000000e+00,0.000000e+00,0.373000,603
301,4.298473e+01,4.298473e+01,0.000000e+00,0.000000e+00,0.374000,605
302,4.298473e+01,4.298473e+01,0.000000e+00,0.000000e+00,0.375000,607
303,4.298473e+01,4.298473e+01,0.000000e+00,0.000000e+00,0.376000,609
304,4.298473e+01,4.298473e+01,0.000000e+00,0.000000e+00,0.377000,611
305,4.298473e+01,4.298473e+01,0.000000e+00,0.000000e+00,0.378000,613
306,4.298473e+01,4.298473e+01,0.000000e+00,0.000000e+00,0.379000,615
307,4.298473e+01,4.298473e+01,0.000000e+00,0.000000e+00,0.380000,617
308,4.298473e+01,4.298473e+01,0.000000e+00,0.000000e+00,0.381000,619
309,4.298473e+01,4.298473e+01,0.000000e+00,0.000000e+00,0.381000,621
310,4.298473e+01,4.298473e+01,0.000000e+00,0.000000e+00,0.382000,623
311,4.298473e+01,4.298473e+01,0.000000e+00,0.000000e+00,0.383000,625
312,4.298473e+01,4.298473e+01,0.000000e+00,0.000000e+00,0.383000,627
313,4.298473e+01,4.298473e+01,0.000000e+00,0.000000e+00,0.384000,629
314,4.298473e+01,4.298473e+01,0.000000e+00,0.000000e+00,0.384000,631
315,4.298473e+01,4.298473e+01,0.000000e+00,0.000000e+00,0.385000,633
316,4.298473e+01,4.298473e+01,0.000000e+00,0.000000e+00,0.386000,635
317,4.298473e+01,4.298473e+01,0.000000e+00,0.000000e+00,0.387000,637
318,4.298473e+01,4.298473e+01,0.000000e+00,0.000000e+00,0.388000,639
319,4.298473e+01,4.298473e+01,0.000000e+00,0.000000e+00,0.388000,641
320,4.298473e+01,4.298473e+01,0.000000e+00,0.000000e+00,0.389000,643
321,4.298473e+01,4.298473e+01,0.000000e+00,0.000000e+00,0.390000,645
322,4.298473e+01,4.298473e+01,0.000000e+00,0.000000e+00,0.390000,647
323,4.298473e+01,4.298473e+01,0.000000e+00,0.000000e+00,0.391000,649
324,4.298473e+01,4.298473e+01,0.000000e+00,0.000000e+00,0.391000,651
325,4.298473e+01,4.298473e+01,0.000000e+00,0.000000e+00,0.392000,653
326,4.298473e+01,4.298473e+01,0.000000e+00,0.000000e+00,0.393000,655
327,4.298473e+01,4.298473e+01,0.000000e+00,0.000000e+00,0.393000,657
328,4.298473e+01,4.298473e+01,0.000000e+00,0.000000e+00,0.394000,659
329,4.298473e+01,4.298473e+01,0.000000e+00,0.000000e+00,0.394000,661
330,4.298473e+01,4.298473e+01,0.000000e+00,0.000000e+00,0.395000,663
331,4.298473e+01,4.298473e+01,0.000000e+00,0.000000e+00,0.395000,665
332,4.298473e+01,4.298473e+01,0.000000e+00,0.000000e+00,0.396000,667
333,4.298473e+01,4.298473e+01,0.000000e+00,0.000000e+00,0.397000,669
334,4.298473e+01,4.298473e+01,0.000000e+00,0.000000e+00,0.397000,671
335,4.298473e+01,4.298473e+01,0.000000e+00,0.000000e+00,0.398000,673
336,4.298473e+01,4.298473e+01,0.000000e+00,0.000000e+00,0.398000,675
337,4.298473e+01,4.298473e+01,0.000000e+00,0.000000e+00,0.399000,677
338,4.298473e+01,4.298473e+01,0.000000e+00,0.000000e+00,0.399000,679
339,4.298473e+01,4.298473e+01,0.000000e+00,0.000000e+00,0.400000,681
340,4.298473e+01,4.298473e+01,0.000000e+00,0.000000e+00,0.401000,683
341,4.298473e+01,4.298473e+01,0.000000e+00,0.000000e+00,0.401000,685
342,4.298473e+01,4.298473e+01,0.000000e+00,0.000000e+00,0.402000,687
343,4.298473e+01,4.298473e+01,0.000000e+00,0.000000e+00,0.402000,689
344,4.298473e+01,4.298473e+01,0.000000e+00,0.000000e+00,0.403000,691
345,4.298473e+01,4.298473e+01,0.000000e+00,0.000000e+00,0.404000,693
346,4.298473e+01,4.298473e+01,0.000000e+00,0.000000e+00,0.404000,695
347,4.298473e+01,4.298473e+01,0.000000e+00,0.000000e+00,0.405000,697
348,4.298473e+01,4.298473e+01,0.000000e+00,0.000000e+00,0.406000,699
349,4.298473e+01,4.298473e+01,0.000000e+00,0.000000e+00,0.406000,701
350,4.298473e+01,4.298473e+01,0.000000e+00,0.000000e+00,0.407000,703
351,4.298473e+01,4.298473e+01,0.000000e+00,0.000000e+00,0.408000,705
352,4.298473e+01,4.298473e+01,0.000000e+00,0.000000e+00,0.408000,707
353,4.298473e+01,4.298473e+01,0.000000e+00,0.000000e+00,0.409000,709
354,4.298473e+01,4.298473e+01,0.000000e+00,0.000000e+00,0.409000,711
355,4.298473e+01,4.298473e+01,0.000000e+00,0.000000e+00,0.410000,713
356,4.298473e+01,4.298473e+01,0.000000e+00,0.000000e+00,0.411000,715
357,4.298473e+01,4.298473e+01,0.000000e+00,0.000000e+00,0.411000,717
358,4.298473e+01,4.298473e+01,0.000000e+00,0.000000e+00,0.412000,719
359,4.298473e+01,4.298473e+01,0.000000e+00,0.000000e+00,0.413000,721
360,4.298473e+01,4.298473e+01,0.000000e+00,0.000000e+00,0.413000,723
361,4.298473e+01,4.298473e+01,0.000000e+00,0.000000e+00,0.414000,725
362,4.298473e+01,4.298473e+01,0.000000e+00,0.000000e+00,0.414000,727
363,4.298473e+01,4.298473e+01,0.000000e+00,0.000000e+00,0.415000,729
364,4.298473e+01,4.298473e+01,0.000000e+00,0.000000e+00,0.416000,731
365,4.298473e+01,4.298473e+01,0.000000e+00,0.000000e+00,0.416000,733
366,4.298473e+01,4.298473e+01,0.000000e+00,0.000000e+00,0.417000,735
367,4.298473e+01,4.298473e+01,0.000000e+00,0.000000e+00,0.418000,737
368,4.298473e+01,4.298473e+01,0.000000e+00,0.000000e+00,0.418000,739
369,4.298473e+01,4.298473e+01,0.000000e+00,0.000000e+00,0.419000,741
370,4.298473e+01,4.298473e+01,0.000000e+00,0.000000e+00,0.420000,743
371,4.298473e+01,4.298473e+01,0.000000e+00,0.000000e+00,0.421000,745
372,4.298473e+01,4.298473e+01,0.000000e+00,0.000000e+00,0.421000,747
373,4.298473e+01,4.298473e+01,0.000000e+00,0.000000e+00,0.422000,749
374,4.298473e+01,4.298473e+01,0.000000e+00,0.000000e+00,0.423000,751
375,4.298473e+01,4.298473e+01,0.000000e+00,0.000000e+00,0.423000,753
376,4.298473e+01,4.298473e+01,0.000000e+00,0.000000e+00,0.424000,755
377,4.298473e+01,4.298473e+01,0.000000e+00,0.000000e+00,0.425000,757
378,4.298473e+01,4.298473e+01,0.000000e+00,0.000000e+00,0.425000,759
379,4.298473e+01,4.298473e+01,0.000000e+00,0.000000e+00,0.426000,761
380,4.298473e+01,4.298473e+01,0.000000e+00,0.000000e+00,0.427000,763
381,4.298473e+01,4.298473e+01,0.000000e+00,0.000000e+00,0.427000,765
382,4.298473e+01,4.298473e+01,0.000000e+00,0.000000e+00,0.428000,767
383,4.298473e+01,4.298473e+01,0.000000e+00,0.000000e+00,0.428000,769
384,4.298473e+01,4.298473e+01,0.000000e+00,0.000000e+00,0.429000,771
385,4.298473e+01,4.298473e+01,0.000000e+00,0.000000e+00,0.430000,773
386,4.298473e+01,4.298473e+01,0.000000e+00,0.000000e+00,0.430000,775
387,4.298473e+01,4.298473e+01,0.000000e+00,0.000000e+00,0.431000,777
388,4.298473e+01,4.298473e+01,0.000000e+00,0.000000e+00,0.432000,779
389,4.298473e+01,4.298473e+01,0.000000e+00,0.000000e+00,0.432000,781
390,4.298473e+01,4.298473e+01,0.000000e+00,0.000000e+00,0.433000,783
391,4.298473e+01,4.298473e+01,0.000000e+00,0.000000e+00,0.433000,785
392,4.298473e+01,4.298473e+01,0.000000e+00,0.000000e+00,0.434000,787
393,4.298473e+01,4.298473e+01,0.000000e+00,0.000000e+00,0.435000,789
394,4.298473e+01,4.298473e+01,0.000000e+00,0.000000e+00,0.435000,791
395,4.298473e+01,4.298473e+01,0.000000e+00,0.000000e+00,0.436000,793
396,4.298473e+01,4.298473e+01,0.000000e+00,0.000000e+00,0.437000,795
397,4.298473e+01,4.298473e+01,0.000000e+00,0.000000e+00,0.437000,797
398,4.298473e+01,4.298473e+01,0.000000e+00,0.000000e+00,0.438000,799
399,4.298473e+01,4.298473e+01,0.000000e+00,0.000000e+00,0.439000,801
400,4.298473e+01,4.298473e+01,0.000000e+00,0.000000e+00,0.439000,803
401,4.298473e+01,4.298473e+01,0.000000e+00,0.000000e+00,0.440000,805
402,4.298473e+01,4.298473e+01,0.000000e+00,0.000000e+00,0.440000,807
403,4.298473e+01,4.298473e+01,0.000000e+00,0.000000e+00,0.441000,809
404,4.298473e+01,4.298473e+01,0.000000e+00,0.000000e+00,0.442000,811
405,4.298473e+01,4.298473e+01,0.000000e+00,0.000000e+00,0.442000,813
406,4.298473e+01,4.298473e+01,0.000000e+00,0.000000e+00,0.443000,815
407,4.298473e+01,4.298473e+01,0.000000e+00,0.000000e+00,0.444000,817
408,4.298473e+01,4.298473e+01,0.000000e+00,0.000000e+00,0.444000,819
409,4.298473e+01,4.298473e+01,0.000000e+00,0.000000e+00,0.445000,821
410,4.298473e+01,4.298473e+01,0.000000e+00,0.000000e+00,0.446000,823
411,4.298473e+01,4.298473e+01,0.000000e+00,0.000000e+00,0.446000,825
412,4.298473e+01,4.298473e+01,0.000000e+00,0.000000e+00,0.447000,827
413,4.298473e+01,4.298473e+01,0.000000e+00,0.000000e+00,0.447000,829
414,4.298473e+01,4.298473e+01,0.000000e+00,0.000000e+00,0.448000,831
415,4.298473e+01,4.298473e+01,0.000000e+00,0.000000e+00,0.449000,833
416,4.298473e+01,4.298473e+01,0.000000e+00,0.000000e+00,0.449000,835
417,4.298473e+01,4.298473e+01,0.000000e+00,0.000000e+00,0.450000,837
418,4.298473e+01,4.298473e+01,0.000000e+00,0.000000e+00,0.451000,839
419,4.298473e+01,4.298473e+01,0.000000e+00,0.000000e+00,0.451000,841
420,4.298473e+01,4.298473e+01,0.000000e+00,0.000000e+00,0.452000,843
421,4.298473e+01,4.298473e+01,0.000000e+00,0.000000e+00,0.453000,845
422,4.298473e+01,4.298473e+01,0.000000e+00,0.000000e+00,0.453000,847
423,4.298473e+01,4.298473e+01,0.000000e+00,0.000000e+00,0.454000,849
424,4.298473e+01,4.298473e+01,0.000000e+00,0.000000e+00,0.454000,851
425,4.298473e+01,4.298473e+01,0.000000e+00,0.000000e+00,0.455000,853
426,4.298473e+01,4.298473e+01,0.000000e+00,0.000000e+00,0.456000,855
427,4.298473e+01,4.298473e+01,0.000000e+00,0.000000e+00,0.456000,857
428,4.298473e+01,4.298473e+01,0.000000e+00,0.000000e+00,0.457000,859
429,4.298473e+01,4.298473e+01,0.000000e+00,0.000000e+00,0.457000,861
430,4.298473e+01,4.298473e+01,0.000000e+00,0.000000e+00,0.458000,863
431,4.298473e+01,4.298473e+01,0.000000e+00,0.000000e+00,0.459000,865
432,4.298473e+01,4.298473e+01,0.000000e+00,0.000000e+00,0.459000,867
433,4.298473e+01,4.298473e+01,0.000000e+00,0.000000e+00,0.460000,869
434,4.298473e+01,4.298473e+01,0.000000e+00,0.000000e+00,0.461000,871
435,4.298473e+01,4.298473e+01,0.000000e+00,0.000000e+00,0.461000,873
436,4.298473e+01,4.298473e+01,0.000000e+00,0.000000e+00,0.462000,875
437,4.298473e+01,4.298473e+01,0.000000e+00,0.000000e+00,0.462000,877
438,4.298473e+01,4.298473e+01,0.000000e+00,0.000000e+00,0.463000,879
439,4.298473e+01,4.298473e+01,0.000000e+00,0.000000e+00,0.464000,881
440,4.298473e+01,4.298473e+01,0.000000e+00,0.000000e+00,0.464000,883
441,4.298473e+01,4.298473e+01,0.000000e+00,0.000000e+00,0.465000,885
442,4.298473e+01,4.298473e+01,0.000000e+00,0.000000e+00,0.466000,887
443,4.298473e+01,4.298473e+01,0.000000e+00,0.000000e+00,0.467000,889
444,4.298473e+01,4.298473e+01,0.000000e+00,0.000000e+00,0.467000,891
445,4.298473e+01,4.298473e+01,0.000000e+00,0.000000e+00,0.468000,893
446,4.298473e+01,4.298473e+01,0.000000e+00,0.000000e+00,0.469000,895
447,4.298473e+01,4.298473e+01,0.000000e+00,0.000000e+00,0.469000,897
448,4.298473e+01,4.298473e+01,0.000000e+00,0.000000e+00,0.470000,899
449,4.298473e+01,4.298473e+01,0.000000e+00,0.000000e+00,0.471000,901
450,4.298473e+01,4.298473e+01,0.000000e+00,0.000000e+00,0.471000,903
451,4.298473e+01,4.298473e+01,0.000000e+00,0.000000e+00,0.472000,905
452,4.298473e+01,4.298473e+01,0.000000e+00,0.000000e+00,0.473000,907
453,4.298473e+01,4.298473e+01,0.000000e+00,0.000000e+00,0.473000,909
454,4.298473e+01,4.298473e+01,0.000000e+00,0.000000e+00,0.474000,911
455,4.298473e+01,4.298473e+01,0.000000e+00,0.000000e+00,0.475000,913
456,4.298473e+01,4.298473e+01,0.000000e+00,0.000000e+00,0.475000,915
457,4.298473e+01,4.298473e+01,0.000000e+00,0.000000e+00,0.476000,917
458,4.298473e+01,4.298473e+01,0.000000e+00,0.000000e+00,0.477000,919
459,4.298473e+01,4.298473e+01,0.000000e+00,0.000000e+00,0.477000,921
460,4.298473e+01,4.298473e+01,0.000000e+00,0.000000e+00,0.478000,923
461,4.298473e+01,4.298473e+01,0.000000e+00,0.000000e+00,0.479000,925
462,4.298473e+01,4.298473e+01,0.000000e+00,0.000000e+00,0.479000,927
463,4.298473e+01,4.298473e+01,0.000000e+00,0.000000e+00,0.480000,929
464,4.298473e+01,4.298473e+01,0.000000e+00,0.000000e+00,0.481000,931
465,4.298473e+01,4.298473e+01,0.000000e+00,0.000000e+00,0.482000,933
466,4.298473e+01,4.298473e+01,0.000000e+00,0.000000e+00,0.482000,935
467,4.298473e+01,4.298473e+01,0.000000e+00,0.000000e+00,0.483000,937
468,4.298473e+01,4.298473e+01,0.000000e+00,0.000000e+00,0.484000,939
469,4.298473e+01,4.298473e+01,0.000000e+00,0.000000e+00,0.484000,941
470,4.298473e+01,4.298473e+01,0.000000e+00,0.000000e+00,0.485000,943
471,4.298473e+01,4.298473e+01,0.000000e+00,0.000000e+00,0.486000,945
472,4.298473e+01,4.298473e+01,0.000000e+00,0.000000e+00,0.487000,947
473,4.298473e+01,4.298473e+01,0.000000e+00,0.000000e+00,0.487000,949
474,4.298473e+01,4.298473e+01,0.000000e+00,0.000000e+00,0.488000,951
475,4.298473e+01,4.298473e+01,0.000000e+00,0.000000e+00,0.489000,953
476,4.298473e+01,4.298473e+01,0.000000e+00,0.000000e+00,0.489000,955
477,4.298473e+01,4.298473e+01,0.000000e+00,0.000000e+00,0.490000,957
478,4.298473e+01,4.298473e+01,0.000000e+00,0.000000e+00,0.491000,959
479,4.298473e+01,4.298473e+01,0.000000e+00,0.000000e+00,0.492000,961
480,4.298473e+01,4.298473e+01,0.000000e+00,0.000000e+00,0.492000,963
481,4.298473e+01,4.298473e+01,0.000000e+00,0.000000e+00,0.493000,965
482,4.298473e+01,4.298473e+01,0.000000e+00,0.000000e+00,0.494000,967
483,4.298473e+01,4.298473e+01,0.000000e+00,0.000000e+00,0.495000,969
484,4.298473e+01,4.298473e+01,0.000000e+00,0.000000e+00,0.495000,971
485,4.298473e+01,4.298473e+01,0.000000e+00,0.000000e+00,0.496000,973
486,4.298473e+01,4.298473e+01,0.000000e+00,0.000000e+00,0.497000,975
487,4.298473e+01,4.298473e+01,0.000000e+00,0.000000e+00,0.498000,977
488,4.298473e+01,4.298473e+01,0.000000e+00,0.000000e+00,0.499000,979
489,4.298473e+01,4.298473e+01,0.000000e+00,0.000000e+00,0.499000,981
490,4.298473e+01,4.298473e+01,0.000000e+00,0.000000e+00,0.500000,983
491,4.298473e+01,4.298473e+01,0.000000e+00,0.000000e+00,0.501000,985
492,4.298473e+01,4.298473e+01,0.000000e+00,0.000000e+00,0.502000,987
493,4.298473e+01,4.298473e+01,0.000000e+00,0.000000e+00,0.502000,989
494,4.298473e+01,4.298473e+01,0.000000e+00,0.000000e+00,0.503000,991
495,4.298473e+01,4.298473e+01,0.000000e+00,0.000000e+00,0.504000,993
496,4.298473e+01,4.298473e+01,0.000000e+00,0.000000e+00,0.504000,995
497,4.298473e+01,4.298473e+01,0.000000e+00,0.000000e+00,0.505000,997
498,4.298473e+01,4.298473e+01,0.000000e+00,0.000000e+00,0.506000,999
499,4.048137e+01,4.048137e+01,0.000000e+00,0.000000e+00,0.506000,1001
500,4.048137e+01,4.048137e+01,0.000000e+00,0.000000e+00,0.507000,1003
501,4.048137e+01,4.048137e+01,0.000000e+00,0.000000e+00,0.508000,1005
502,4.048137e+01,4.048137e+01,0.000000e+00,0.000000e+00,0.509000,1007
503,4.048137e+01,4.048137e+01,0.000000e+00,0.000000e+00,0.509000,1009
504,4.048137e+01,4.048137e+01,0.000000e+00,0.000000e+00,0.510000,1011
505,4.048137e+01,4.048137e+01,0.000000e+00,0.000000e+00,0.511000,1013
506,4.048137e+01,4.048137e+01,0.000000e+00,0.000000e+00,0.511000,1015
507,4.048137e+01,4.048137e+01,0.000000e+00,0.000000e+00,0.512000,1017
508,4.048137e+01,4.048137e+01,0.000000e+00,0.000000e+00,0.513000,1019
509,4.048137e+01,4.048137e+01,0.000000e+00,0.000000e+00,0.514000,1021
510,4.048137e+01,4.048137e+01,0.000000e+00,0.000000e+00,0.514000,1023
511,4.048137e+01,4.048137e+01,0.000000e+00,0.000000e+00,0.515000,1025
512,4.048137e+01,4.048137e+01,0.000000e+00,0.000000e+00,0.516000,1027
513,4.048137e+01,4.048137e+01,0.000000e+00,0.000000e+00,0.517000,1029
514,4.048137e+01,4.048137e+01,0.000000e+00,0.000000e+00,0.517000,1031
515,3.543303e+01,3.543303e+01,0.000000e+00,0.000000e+00,0.518000,1033
516,3.543303e+01,3.543303e+01,0.000000e+00,0.000000e+00,0.519000,1035
517,3.543303e+01,3.543303e+01,0.000000e+00,0.000000e+00,0.519000,1037
518,3.543303e+01,3.543303e+01,0.000000e+00,0.000000e+00,0.520000,1039
519,3.543303e+01,3.543303e+01,0.000000e+00,0.000000e+00,0.521000,1041
520,3.543303e+01,3.543303e+01,0.000000e+00,0.000000e+00,0.521000,1043
521,3.543303e+01,3.543303e+01,0.000000e+00,0.000000e+00,0.522000,1045
522,3.543303e+01,3.543303e+01,0.000000e+00,0.000000e+00,0.523000,1047
523,3.543303e+01,3.543303e+01,0.000000e+00,0.000000e+00,0.523000,1049
524,3.543303e+01,3.543303e+01,0.000000e+00,0.000000e+00,0.524000,1051
525,3.543303e+01,3.543303e+01,0.000000e+00,0.000000e+00,0.525000,1053
526,3.543303e+01,3.543303e+01,0.000000e+00,0.000000e+00,0.525000,1055
527,3.543303e+01,3.543303e+01,0.000000e+00,0.000000e+00,0.526000,1057
528,3.543303e+01,3.543303e+01,0.000000e+00,0.000000e+00,0.527000,1059
529,3.543303e+01,3.543303e+01,0.000000e+00,0.000000e+00,0.528000,1061
530,3.543303e+01,3.543303e+01,0.000000e+00,0.000000e+00,0.528000,1063
531,3.543303e+01,3.543303e+01,0.000000e+00,0.000000e+00,0.529000,1065
532,3.543303e+01,3.543303e+01,0.000000e+00,0.000000e+00,0.530000,1067
533,3.543303e+01,3.543303e+01,0.000000e+00,0.000000e+00,0.530000,1069
534,3.543303e+01,3.543303e+01,0.000000e+00,0.000000e+00,0.531000,1071
535,3.543303e+01,3.543303e+01,0.000000e+00,0.000000e+00,0.532000,1073
536,3.543303e+01,3.543303e+01,0.000000e+00,0.000000e+00,0.533000,1075
537,3.543303e+01,3.543303e+01,0.000000e+00,0.000000e+00,0.533000,1077
538,3.543303e+01,3.543303e+01,0.000000e+00,0.000000e+00,0.534000,1079
539,3.543303e+01,3.543303e+01,0.000000e+00,0.000000e+00,0.535000,1081
540,3.543303e+01,3.543303e+01,0.000000e+00,0.000000e+00,0.536000,1083
541,3.543303e+01,3.543303e+01,0.000000e+00,0.000000e+00,0.537000,1085
542,3.543303e+01,3.543303e+01,0.000000e+00,0.000000e+00,0.537000,1087
543,3.543303e+01,3.543303e+01,0.000000e+00,0.000000e+00,0.538000,1089
544,3.543303e+01,3.543303e+01,0.000000e+00,0.000000e+00,0.539000,1091
545,3.543303e+01,3.543303e+01,0.000000e+00,0.000000e+00,0.539000,1093
546,3.543303e+01,3.543303e+01,0.000000e+00,0.000000e+00,0.540000,1095
547,3.543303e+01,3.543303e+01,0.000000e+00,0.000000e+00,0.541000,1097
548,3.543303e+01,3.543303e+01,0.000000e+00,0.000000e+00,0.541000,1099
549,3.543303e+01,3.543303e+01,0.000000e+00,0.000000e+00,0.542000,1101
550,3.543303e+01,3.543303e+01,0.000000e+00,0.000000e+00,0.543000,1103
551,3.543303e+01,3.543303e+01,0.000000e+00,0.000000e+00,0.544000,1105
552,3.543303e+01,3.543303e+01,0.000000e+00,0.000000e+00,0.544000,1107
553,3.543303e+01,3.543303e+01,0.000000e+00,0.000000e+00,0.545000,1109
554,3.543303e+01,3.543303e+01,0.000000e+00,0.000000e+00,0.545000,1111
555,3.543303e+01,3.543303e+01,0.000000e+00,0.000000e+00,0.546000,1113
556,3.543303e+01,3.543303e+01,0.000000e+00,0.000000e+00,0.547000,1115
557,3.543303e+01,3.543303e+01,0.000000e+00,0.000000e+00,0.547000,1117
558,3.543303e+01,3.543303e+01,0.000000e+00,0.000000e+00,0.548000,1119
559,3.543303e+01,3.543303e+01,0.000000e+00,0.000000e+00,0.549000,1121
560,3.543303e+01,3.543303e+01,0.000000e+00,0.000000e+00,0.549000,1123
561,3.543303e+01,3.543303e+01,0.000000e+00,0.000000e+00,0.550000,1125
562,3.543303e+01,3.543303e+01,0.000000e+00,0.000000e+00,0.551000,1127
563,3.543303e+01,3.543303e+01,0.000000e+00,0.000000e+00,0.551000,1129
564,3.543303e+01,3.543303e+01,0.000000e+00,0.000000e+00,0.552000,1131
565,3.543303e+01,3.543303e+01,0.000000e+00,0.000000e+00,0.552000,1133
566,3.543303e+01,3.543303e+01,0.000000e+00,0.000000e+00,0.553000,1135
567,3.543303e+01,3.543303e+01,0.000000e+00,0.000000e+00,0.554000,1137
568,3.543303e+01,3.543303e+01,0.000000e+00,0.000000e+00,0.555000,1139
569,3.543303e+01,3.543303e+01,0.000000e+00,0.000000e+00,0.555000,1141
570,3.543303e+01,3.543303e+01,0.000000e+00,0.000000e+00,0.556000,1143
571,3.543303e+01,3.543303e+01,0.000000e+00,0.000000e+00,0.557000,1145
572,3.543303e+01,3.543303e+01,0.000000e+00,0.000000e+00,0.557000,1147
573,3.543303e+01,3.543303e+01,0.000000e+00,0.000000e+00,0.558000,1149
574,3.543303e+01,3.543303e+01,0.000000e+00,0.000000e+00,0.559000,1151
575,3.543303e+01,3.543303e+01,0.000000e+00,0.000000e+00,0.559000,1153
576,3.543303e+01,3.543303e+01,0.000000e+00,0.000000e+00,0.560000,1155
577,3.543303e+01,3.543303e+01,0.000000e+00,0.000000e+00,0.561000,1157
578,3.543303e+01,3.543303e+01,0.000000e+00,0.000000e+00,0.561000,1159
579,3.543303e+01,3.543303e+01,0.000000e+00,0.000000e+00,0.562000,1161
580,3.543303e+01,3.543303e+01,0.000000e+00,0.000000e+00,0.562000,1163
581,3.543303e+01,3.543303e+01,0.000000e+00,0.000000e+00,0.563000,1165
582,3.543303e+01,3.543303e+01,0.000000e+00,0.000000e+00,0.564000,1167
583,3.543303e+01,3.543303e+01,0.000000e+00,0.000000e+00,0.564000,1169
584,3.543303e+01,3.543303e+01,0.000000e+00,0.000000e+00,0.565000,1171
585,3.543303e+01,3.543303e+01,0.000000e+00,0.000000e+00,0.566000,1173
586,3.543303e+01,3.543303e+01,0.000000e+00,0.000000e+00,0.566000,1175
587,3.543303e+01,3.543303e+01,0.000000e+00,0.000000e+00,0.567000,1177
588,3.543303e+01,3.543303e+01,0.000000e+00,0.000000e+00,0.567000,1179
589,3.543303e+01,3.543303e+01,0.000000e+00,0.000000e+00,0.568000,1181
590,3.543303e+01,3.543303e+01,0.000000e+00,0.000000e+00,0.568000,1183
591,3.543303e+01,3.543303e+01,0.000000e+00,0.000000e+00,0.569000,1185
592,3.543303e+01,3.543303e+01,0.000000e+00,0.000000e+00,0.569000,1187
593,3.543303e+01,3.543303e+01,0.000000e+00,0.000000e+00,0.570000,1189
594,3.543303e+01,3.543303e+01,0.000000e+00,0.000000e+00,0.571000,1191
595,3.543303e+01,3.543303e+01,0.000000e+00,0.000000e+00,0.571000,1193
596,3.543303e+01,3.543303e+01,0.000000e+00,0.000000e+00,0.572000,1195
597,3.543303e+01,3.543303e+01,0.000000e+00,0.000000e+00,0.572000,1197
598,3.543303e+01,3.543303e+01,0.000000e+00,0.000000e+00,0.573000,1199
599,3.543303e+01,3.543303e+01,0.000000e+00,0.000000e+00,0.574000,1201
600,3.543303e+01,3.543303e+01,0.000000e+00,0.000000e+00,0.574000,1203
601,3.543303e+01,3.543303e+01,0.000000e+00,0.000000e+00,0.575000,1205
602,3.543303e+01,3.543303e+01,0.000000e+00,0.000000e+00,0.576000,1207
603,3.246096e+01,3.246096e+01,0.000000e+00,0.000000e+00,0.576000,1209
604,3.246096e+01,3.246096e+01,0.000000e+00,0.000000e+00,0.577000,1211
605,3.246096e+01,3.246096e+01,0.000000e+00,0.000000e+00,0.577000,1213
606,3.246096e+01,3.246096e+01,0.000000e+00,0.000000e+00,0.578000,1215
607,3.246096e+01,3.246096e+01,0.000000e+00,0.000000e+00,0.578000,1217
608,3.246096e+01,3.246096e+01,0.000000e+00,0.000000e+00,0.579000,1219
609,3.246096e+01,3.246096e+01,0.000000e+00,0.000000e+00,0.580000,1221
610,3.246096e+01,3.246096e+01,0.000000e+00,0.000000e+00,0.580000,1223
611,3.246096e+01,3.246096e+01,0.000000e+00,0.000000e+00,0.581000,1225
612,3.246096e+01,3.246096e+01,0.000000e+00,0.000000e+00,0.581000,1227
613,3.246096e+01,3.246096e+01,0.000000e+00,0.000000e+00,0.582000,1229
614,3.246096e+01,3.246096e+01,0.000000e+00,0.000000e+00,0.582000,1231
615,3.246096e+01,3.246096e+01,0.000000e+00,0.000000e+00,0.583000,1233
616,3.246096e+01,3.246096e+01,0.000000e+00,0.000000e+00,0.583000,1235
617,3.246096e+01,3.246096e+01,0.000000e+00,0.000000e+00,0.584000,1237
618,3.246096e+01,3.246096e+01,0.000000e+00,0.000000e+00,0.585000,1239
619,3.246096e+01,3.246096e+01,0.000000e+00,0.000000e+00,0.585000,1241
620,3.246096e+01,3.246096e+01,0.000000e+00,0.000000e+00,0.586000,1243
621,3.246096e+01,3.246096e+01,0.000000e+00,0.000000e+00,0.587000,1245
622,3.246096e+01,3.246096e+01,0.000000e+00,0.000000e+00,0.587000,1247
623,3.246096e+01,3.246096e+01,0.000000e+00,0.000000e+00,0.588000,1249
624,3.246096e+01,3.246096e+01,0.000000e+00,0.000000e+00,0.588000,1251
625,3.246096e+01,3.246096e+01,0.000000e+00,0.000000e+00,0.589000,1253
626,3.246096e+01,3.246096e+01,0.000000e+00,0.000000e+00,0.589000,1255
627,3.246096e+01,3.246096e+01,0.000000e+00,0.000000e+00,0.590000,1257
628,2.056253e+01,2.056253e+01,0.000000e+00,0.000000e+00,0.591000,1259
629,2.056253e+01,2.056253e+01,0.000000e+00,0.000000e+00,0.592000,1261
630,2.056253e+01,2.056253e+01,0.000000e+00,0.000000e+00,0.592000,1263
631,2.056253e+01,2.056253e+01,0.000000e+00,0.000000e+00,0.593000,1265
632,2.056253e+01,2.056253e+01,0.000000e+00,0.000000e+00,0.593000,1267
633,2.056253e+01,2.056253e+01,0.000000e+00,0.000000e+00,0.594000,1269
634,2.056253e+01,2.056253e+01,0.000000e+00,0.000000e+00,0.594000,1271
635,2.056253e+01,2.056253e+01,0.000000e+00,0.000000e+00,0.595000,1273
636,2.056253e+01,2.056253e+01,0.000000e+00,0.000000e+00,0.596000,1275
637,2.056253e+01,2.056253e+01,0.000000e+00,0.000000e+00,0.596000,1277
638,2.056253e+01,2.056253e+01,0.000000e+00,0.000000e+00,0.597000,1279
639,2.056253e+01,2.056253e+01,0.000000e+00,0.000000e+00,0.597000,1281
640,2.056253e+01,2.056253e+01,0.000000e+00,0.000000e+00,0.598000,1283
641,2.056253e+01,2.056253e+01,0.000000e+00,0.000000e+00,0.599000,1285
642,2.056253e+01,2.056253e+01,0.000000e+00,0.000000e+00,0.599000,1287
643,2.056253e+01,2.056253e+01,0.000000e+00,0.000000e+00,0.600000,1289
644,2.056253e+01,2.056253e+01,0.000000e+00,0.000000e+00,0.600000,1291
645,2.056253e+01,2.056253e+01,0.000000e+00,0.000000e+00,0.601000,1293
646,2.056253e+01,2.056253e+01,0.000000e+00,0.000000e+00,0.601000,1295
647,2.056253e+01,2.056253e+01,0.000000e+00,0.000000e+00,0.602000,1297
648,2.056253e+01,2.056253e+01,0.000000e+00,0.000000e+00,0.602000,1299
649,2.056253e+01,2.056253e+01,0.000000e+00,0.000000e+00,0.603000,1301
650,2.056253e+01,2.056253e+01,0.000000e+00,0.000000e+00,0.604000,1303
651,2.056253e+01,2.056253e+01,0.000000e+00,0.000000e+00,0.604000,1305
652,2.056253e+01,2.056253e+01,0.000000e+00,0.000000e+00,0.605000,1307
653,2.056253e+01,2.056253e+01,0.000000e+00,0.000000e+00,0.606000,1309
654,2.056253e+01,2.056253e+01,0.000000e+00,0.000000e+00,0.606000,1311
655,2.056253e+01,2.056253e+01,0.000000e+00,0.000000e+00,0.607000,1313
656,2.056253e+01,2.056253e+01,0.000000e+00,0.000000e+00,0.607000,1315
657,2.056253e+01,2.056253e+01,0.000000e+00,0.000000e+00,0.608000,1317
658,2.056253e+01,2.056253e+01,0.000000e+00,0.000000e+00,0.608000,1319
659,2.056253e+01,2.056253e+01,0.000000e+00,0.000000e+00,0.609000,1321
660,2.056253e+01,2.056253e+01,0.000000e+00,0.000000e+00,0.610000,1323
661,2.056253e+01,2.056253e+01,0.000000e+00,0.000000e+00,0.610000,1325
662,2.056253e+01,2.056253e+01,0.000000e+00,0.000000e+00,0.611000,1327
663,2.056253e+01,2.056253e+01,0.000000e+00,0.000000e+00,0.611000,1329
664,2.056253e+01,2.056253e+01,0.000000e+00,0.000000e+00,0.612000,1331
665,2.056253e+01,2.056253e+01,0.000000e+00,0.000000e+00,0.612000,1333
666,2.056253e+01,2.056253e+01,0.000000e+00,0.000000e+00,0.613000,1335
667,2.056253e+01,2.056253e+01,0.000000e+00,0.000000e+00,0.614000,1337
668,2.056253e+01,2.056253e+01,0.000000e+00,0.000000e+00,0.614000,1339
669,2.056253e+01,2.056253e+01,0.000000e+00,0.000000e+00,0.615000,1341
670,2.056253e+01,2.056253e+01,0.000000e+00,0.000000e+00,0.615000,1343
671,2.056253e+01,2.056253e+01,0.000000e+00,0.000000e+00,0.616000,1345
672,2.056253e+01,2.056253e+01,0.000000e+00,0.000000e+00,0.616000,1347
673,2.056253e+01,2.056253e+01,0.000000e+00,0.000000e+00,0.617000,1349
674,2.056253e+01,2.056253e+01,0.000000e+00,0.000000e+00,0.618000,1351
675,2.056253e+01,2.056253e+01,0.000000e+00,0.000000e+00,0.618000,1353
676,2.056253e+01,2.056253e+01,0.000000e+00,0.000000e+00,0.619000,1355
677,2.056253e+01,2.056253e+01,0.000000e+00,0.000000e+00,0.619000,1357
678,2.056253e+01,2.056253e+01,0.000000e+00,0.000000e+00,0.620000,1359
679,2.056253e+01,2.056253e+01,0.000000e+00,0.000000e+00,0.621000,1361
680,2.056253e+01,2.056253e+01,0.000000e+00,0.000000e+00,0.621000,1363
681,2.056253e+01,2.056253e+01,0.000000e+00,0.000000e+00,0.622000,1365
682,2.056253e+01,2.056253e+01,0.000000e+00,0.000000e+00,0.622000,1367
683,2.056253e+01,2.056253e+01,0.000000e+00,0.000000e+00,0.623000,1369
684,2.056253e+01,2.056253e+01,0.000000e+00,0.000000e+00,0.624000,1371
685,2.056253e+01,2.056253e+01,0.000000e+00,0.000000e+00,0.624000,1373
686,2.056253e+01,2.056253e+01,0.000000e+00,0.000000e+00,0.625000,1375
687,2.056253e+01,2.056253e+01,0.000000e+00,0.000000e+00,0.625000,1377
688,2.056253e+01,2.056253e+01,0.000000e+00,0.000000e+00,0.626000,1379
689,2.056253e+01,2.056253e+01,0.000000e+00,0.000000e+00,0.627000,1381
690,2.056253e+01,2.056253e+01,0.000000e+00,0.000000e+00,0.627000,1383
691,2.056253e+01,2.056253e+01,0.000000e+00,0.000000e+00,0.628000,1385
692,2.056253e+01,2.056253e+01,0.000000e+00,0.000000e+00,0.628000,1387
693,2.056253e+01,2.056253e+01,0.000000e+00,0.000000e+00,0.629000,1389
694,2.056253e+01,2.056253e+01,0.000000e+00,0.000000e+00,0.629000,1391
695,2.056253e+01,2.056253e+01,0.000000e+00,0.000000e+00,0.630000,1393
696,2.056253e+01,2.056253e+01,0.000000e+00,0.000000e+00,0.631000,1395
697,2.056253e+01,2.056253e+01,0.000000e+00,0.000000e+00,0.631000,1397
698,2.056253e+01,2.056253e+01,0.000000e+00,0.000000e+00,0.632000,1399
699,2.056253e+01,2.056253e+01,0.000000e+00,0.000000e+00,0.632000,1401
700,2.056253e+01,2.056253e+01,0.000000e+00,0.000000e+00,0.633000,1403
701,2.056253e+01,2.056253e+01,0.000000e+00,0.000000e+00,0.633000,1405
702,2.056253e+01,2.056253e+01,0.000000e+00,0.000000e+00,0.634000,1407
703,2.056253e+01,2.056253e+01,0.000000e+00,0.000000e+00,0.635000,1409
704,2.056253e+01,2.056253e+01,0.000000e+00,0.000000e+00,0.635000,1411
705,2.056253e+01,2.056253e+01,0.000000e+00,0.000000e+00,0.636000,1413
706,2.056253e+01,2.056253e+01,0.000000e+00,0.000000e+00,0.637000,1415
707,2.056253e+01,2.056253e+01,0.000000e+00,0.000000e+00,0.637000,1417
708,2.056253e+01,2.056253e+01,0.000000e+00,0.000000e+00,0.638000,1419
709,2.056253e+01,2.056253e+01,0.000000e+00,0.000000e+00,0.638000,1421
710,2.056253e+01,2.056253e+01,0.000000e+00,0.000000e+00,0.639000,1423
711,2.056253e+01,2.056253e+01,0.000000e+00,0.000000e+00,0.639000,1425
712,2.056253e+01,2.056253e+01,0.000000e+00,0.000000e+00,0.640000,1427
713,2.056253e+01,2.056253e+01,0.000000e+00,0.000000e+00,0.641000,1429
714,2.056253e+01,2.056253e+01,0.000000e+00,0.000000e+00,0.641000,1431
715,2.056253e+01,2.056253e+01,0.000000e+00,0.000000e+00,0.642000,1433
716,2.056253e+01,2.056253e+01,0.000000e+00,0.000000e+00,0.642000,1435
717,2.056253e+01,2.056253e+01,0.000000e+00,0.000000e+00,0.643000,1437
718,2.056253e+01,2.056253e+01,0.000000e+00,0.000000e+00,0.643000,1439
719,2.056253e+01,2.056253e+01,0.000000e+00,0.000000e+00,0.644000,1441
720,2.056253e+01,2.056253e+01,0.000000e+00,0.000000e+00,0.645000,1443
721,2.056253e+01,2.056253e+01,0.000000e+00,0.000000e+00,0.645000,1445
722,2.056253e+01,2.056253e+01,0.000000e+00,0.000000e+00,0.646000,1447
723,9.256569e+00,9.256569e+00,0.000000e+00,0.000000e+00,0.646000,1449
724,9.256569e+00,9.256569e+00,0.000000e+00,0.000000e+00,0.647000,1451
725,9.256569e+00,9.256569e+00,0.000000e+00,0.000000e+00,0.648000,1453
726,9.256569e+00,9.256569e+00,0.000000e+00,0.000000e+00,0.648000,1455
727,9.256569e+00,9.256569e+00,0.000000e+00,0.000000e+00,0.649000,1457
728,9.256569e+00,9.256569e+00,0.000000e+00,0.000000e+00,0.649000,1459
729,9.256569e+00,9.256569e+00,0.000000e+00,0.000000e+00,0.650000,1461
730,9.256569e+00,9.256569e+00,0.000000e+00,0.000000e+00,0.650000,1463
731,9.256569e+00,9.256569e+00,0.000000e+00,0.000000e+00,0.651000,1465
732,9.256569e+00,9.256569e+00,0.000000e+00,0.000000e+00,0.652000,1467
733,9.256569e+00,9.256569e+00,0.000000e+00,0.000000e+00,0.652000,1469
734,9.256569e+00,9.256569e+00,0.000000e+00,0.000000e+00,0.653000,1471
735,9.256569e+00,9.256569e+00,0.000000e+00,0.000000e+00,0.654000,1473
736,9.256569e+00,9.256569e+00,0.000000e+00,0.000000e+00,0.655000,1475
737,9.256569e+00,9.256569e+00,0.000000e+00,0.000000e+00,0.655000,1477
738,9.256569e+00,9.256569e+00,0.000000e+00,0.000000e+00,0.656000,1479
739,9.256569e+00,9.256569e+00,0.000000e+00,0.000000e+00,0.657000,1481
740,9.256569e+00,9.256569e+00,0.000000e+00,0.000000e+00,0.657000,1483
741,9.256569e+00,9.256569e+00,0.000000e+00,0.000000e+00,0.658000,1485
742,9.256569e+00,9.256569e+00,0.000000e+00,0.000000e+00,0.658000,1487
743,9.256569e+00,9.256569e+00,0.000000e+00,0.000000e+00,0.659000,1489
744,9.256569e+00,9.256569e+00,0.000000e+00,0.000000e+00,0.660000,1491
745,9.256569e+00,9.256569e+00,0.000000e+00,0.000000e+00,0.660000,1493
746,9.256569e+00,9.256569e+00,0.000000e+00,0.000000e+00,0.661000,1495
747,9.256569e+00,9.256569e+00,0.000000e+00,0.000000e+00,0.662000,1497
748,9.256569e+00,9.256569e+00,0.000000e+00,0.000000e+00,0.662000,1499
749,9.256569e+00,9.256569e+00,0.000000e+00,0.000000e+00,0.663000,1501
750,9.256569e+00,9.256569e+00,0.000000e+00,0.000000e+00,0.664000,1503
751,9.256569e+00,9.256569e+00,0.000000e+00,0.000000e+00,0.664000,1505
752,9.256569e+00,9.256569e+00,0.000000e+00,0.000000e+00,0.665000,1507
753,9.256569e+00,9.256569e+00,0.000000e+00,0.000000e+00,0.665000,1509
754,9.256569e+00,9.256569e+00,0.000000e+00,0.000000e+00,0.666000,1511
755,9.256569e+00,9.256569e+00,0.000000e+00,0.000000e+00,0.667000,1513
756,9.256569e+00,9.256569e+00,0.000000e+00,0.000000e+00,0.668000,1515
757,9.256569e+00,9.256569e+00,0.000000e+00,0.000000e+00,0.669000,1517
758,9.256569e+00,9.256569e+00,0.000000e+00,0.000000e+00,0.670000,1519
759,9.256569e+00,9.256569e+00,0.000000e+00,0.000000e+00,0.670000,1521
760,9.256569e+00,9.256569e+00,0.000000e+00,0.000000e+00,0.671000,1523
761,9.256569e+00,9.256569e+00,0.000000e+00,0.000000e+00,0.672000,1525
762,9.256569e+00,9.256569e+00,0.000000e+00,0.000000e+00,0.673000,1527
763,9.256569e+00,9.256569e+00,0.000000e+00,0.000000e+00,0.673000,1529
764,9.256569e+00,9.256569e+00,0.000000e+00,0.000000e+00,0.674000,1531
765,9.256569e+00,9.256569e+00,0.000000e+00,0.000000e+00,0.675000,1533
766,9.256569e+00,9.256569e+00,0.000000e+00,0.000000e+00,0.675000,1535
767,9.256569e+00,9.256569e+00,0.000000e+00,0.000000e+00,0.676000,1537
768,9.256569e+00,9.256569e+00,0.000000e+00,0.000000e+00,0.677000,1539
769,9.256569e+00,9.256569e+00,0.000000e+00,0.000000e+00,0.677000,1541
770,9.256569e+00,9.256569e+00,0.000000e+00,0.000000e+00,0.678000,1543
771,9.256569e+00,9.256569e+00,0.000000e+00,0.000000e+00,0.679000,1545
772,9.256569e+00,9.256569e+00,0.000000e+00,0.000000e+00,0.679000,1547
773,9.256569e+00,9.256569e+00,0.000000e+00,0.000000e+00,0.680000,1549
774,9.256569e+00,9.256569e+00,0.000000e+00,0.000000e+00,0.680000,1551
775,9.256569e+00,9.256569e+00,0.000000e+00,0.000000e+00,0.681000,1553
776,9.256569e+00,9.256569e+00,0.000000e+00,0.000000e+00,0.682000,1555
777,9.256569e+00,9.256569e+00,0.000000e+00,0.000000e+00,0.682000,1557
778,9.256569e+00,9.256569e+00,0.000000e+00,0.000000e+00,0.683000,1559
779,9.256569e+00,9.256569e+00,0.000000e+00,0.000000e+00,0.684000,1561
780,9.256569e+00,9.256569e+00,0.000000e+00,0.000000e+00,0.684000,1563
781,9.256569e+00,9.256569e+00,0.000000e+00,0.000000e+00,0.685000,1565
782,9.256569e+00,9.256569e+00,0.000000e+00,0.000000e+00,0.686000,1567
783,9.256569e+00,9.256569e+00,0.000000e+00,0.000000e+00,0.686000,1569
784,9.256569e+00,9.256569e+00,0.000000e+00,0.000000e+00,0.687000,1571
785,9.256569e+00,9.256569e+00,0.000000e+00,0.000000e+00,0.688000,1573
786,9.256569e+00,9.256569e+00,0.000000e+00,0.000000e+00,0.688000,1575
787,9.256569e+00,9.256569e+00,0.000000e+00,0.000000e+00,0.689000,1577
788,9.256569e+00,9.256569e+00,0.000000e+00,0.000000e+00,0.690000,1579
789,9.256569e+00,9.256569e+00,0.000000e+00,0.000000e+00,0.690000,1581
790,9.256569e+00,9.256569e+00,0.000000e+00,0.000000e+00,0.691000,1583
791,9.256569e+00,9.256569e+00,0.000000e+00,0.000000e+00,0.691000,1585
792,9.256569e+00,9.256569e+00,0.000000e+00,0.000000e+00,0.692000,1587
793,9.256569e+00,9.256569e+00,0.000000e+00,0.000000e+00,0.693000,1589
794,9.256569e+00,9.256569e+00,0.000000e+00,0.000000e+00,0.693000,1591
795,9.256569e+00,9.256569e+00,0.000000e+00,0.000000e+00,0.694000,1593
796,9.256569e+00,9.256569e+00,0.000000e+00,0.000000e+00,0.695000,1595
797,9.256569e+00,9.256569e+00,0.000000e+00,0.000000e+00,0.695000,1597
798,9.256569e+00,9.256569e+00,0.000000e+00,0.000000e+00,0.696000,1599
799,9.256569e+00,9.256569e+00,0.000000e+00,0.000000e+00,0.697000,1601
800,9.256569e+00,9.256569e+00,0.000000e+00,0.000000e+00,0.697000,1603
801,9.256569e+00,9.256569e+00,0.000000e+00,0.000000e+00,0.698000,1605
802,9.256569e+00,9.256569e+00,0.000000e+00,0.000000e+00,0.699000,1607
803,9.256569e+00,9.256569e+00,0.000000e+00,0.000000e+00,0.700000,1609
804,9.256569e+00,9.256569e+00,0.000000e+00,0.000000e+00,0.700000,1611
805,9.256569e+00,9.256569e+00,0.000000e+00,0.000000e+00,0.701000,1613
806,9.256569e+00,9.256569e+00,0.000000e+00,0.000000e+00,0.702000,1615
807,9.256569e+00,9.256569e+00,0.000000e+00,0.000000e+00,0.702000,1617
808,9.256569e+00,9.256569e+00,0.000000e+00,0.000000e+00,0.703000,1619
809,9.256569e+00,9.256569e+00,0.000000e+00,0.000000e+00,0.704000,1621
810,9.256569e+00,9.256569e+00,0.000000e+00,0.000000e+00,0.704000,1623
811,9.256569e+00,9.256569e+00,0.000000e+00,0.000000e+00,0.705000,1625
812,9.256569e+00,9.256569e+00,0.000000e+00,0.000000e+00,0.706000,1627
813,9.256569e+00,9.256569e+00,0.000000e+00,0.000000e+00,0.706000,1629
814,9.256569e+00,9.256569e+00,0.000000e+00,0.000000e+00,0.707000,1631
815,9.256569e+00,9.256569e+00,0.000000e+00,0.000000e+00,0.707000,1633
816,9.256569e+00,9.256569e+00,0.000000e+00,0.000000e+00,0.708000,1635
817,9.256569e+00,9.256569e+00,0.000000e+00,0.000000e+00,0.709000,1637
818,9.256569e+00,9.256569e+00,0.000000e+00,0.000000e+00,0.709000,1639
819,9.256569e+00,9.256569e+00,0.000000e+00,0.000000e+00,0.710000,1641
820,9.256569e+00,9.256569e+00,0.000000e+00,0.000000e+00,0.711000,1643
821,9.256569e+00,9.256569e+00,0.000000e+00,0.000000e+00,0.711000,1645
822,9.256569e+00,9.256569e+00,0.000000e+00,0.000000e+00,0.712000,1647
823,9.256569e+00,9.256569e+00,0.000000e+00,0.000000e+00,0.712000,1649
824,9.256569e+00,9.256569e+00,0.000000e+00,0.000000e+00,0.713000,1651
825,9.256569e+00,9.256569e+00,0.000000e+00,0.000000e+00,0.714000,1653
826,9.256569e+00,9.256569e+00,0.000000e+00,0.000000e+00,0.714000,1655
827,9.256569e+00,9.256569e+00,0.000000e+00,0.000000e+00,0.715000,1657
828,9.256569e+00,9.256569e+00,0.000000e+00,0.000000e+00,0.716000,1659
829,9.256569e+00,9.256569e+00,0.000000e+00,0.000000e+00,0.716000,1661
830,9.256569e+00,9.256569e+00,0.000000e+00,0.000000e+00,0.717000,1663
831,9.256569e+00,9.256569e+00,0.000000e+00,0.000000e+00,0.718000,1665
832,9.256569e+00,9.256569e+00,0.000000e+00,0.000000e+00,0.718000,1667
833,9.256569e+00,9.256569e+00,0.000000e+00,0.000000e+00,0.719000,1669
834,9.256569e+00,9.256569e+00,0.000000e+00,0.000000e+00,0.720000,1671
835,9.256569e+00,9.256569e+00,0.000000e+00,0.000000e+00,0.720000,1673
836,9.256569e+00,9.256569e+00,0.000000e+00,0.000000e+00,0.721000,1675
837,9.256569e+00,9.256569e+00,0.000000e+00,0.000000e+00,0.721000,1677
838,9.256569e+00,9.256569e+00,0.000000e+00,0.000000e+00,0.722000,1679
839,9.256569e+00,9.256569e+00,0.000000e+00,0.000000e+00,0.723000,1681
840,9.256569e+00,9.256569e+00,0.000000e+00,0.000000e+00,0.723000,1683
841,9.256569e+00,9.256569e+00,0.000000e+00,0.000000e+00,0.724000,1685
842,9.256569e+00,9.256569e+00,0.000000e+00,0.000000e+00,0.725000,1687
843,9.256569e+00,9.256569e+00,0.000000e+00,0.000000e+00,0.725000,1689
844,9.256569e+00,9.256569e+00,0.000000e+00,0.000000e+00,0.726000,1691
845,9.256569e+00,9.256569e+00,0.000000e+00,0.000000e+00,0.726000,1693
846,9.256569e+00,9.256569e+00,0.000000e+00,0.000000e+00,0.727000,1695
847,9.256569e+00,9.256569e+00,0.000000e+00,0.000000e+00,0.728000,1697
848,9.256569e+00,9.256569e+00,0.000000e+00,0.000000e+00,0.728000,1699
849,9.256569e+00,9.256569e+00,0.000000e+00,0.000000e+00,0.729000,1701
850,9.256569e+00,9.256569e+00,0.000000e+00,0.000000e+00,0.729000,1703
851,9.256569e+00,9.256569e+00,0.000000e+00,0.000000e+00,0.730000,1705
852,9.256569e+00,9.256569e+00,0.000000e+00,0.000000e+00,0.731000,1707
853,9.256569e+00,9.256569e+00,0.000000e+00,0.000000e+00,0.731000,1709
854,9.256569e+00,9.256569e+00,0.000000e+00,0.000000e+00,0.732000,1711
855,9.256569e+00,9.256569e+00,0.000000e+00,0.000000e+00,0.733000,1713
856,9.256569e+00,9.256569e+00,0.000000e+00,0.000000e+00,0.733000,1715
857,9.256569e+00,9.256569e+00,0.000000e+00,0.000000e+00,0.734000,1717
858,9.256569e+00,9.256569e+00,0.000000e+00,0.000000e+00,0.734000,1719
859,9.256569e+00,9.256569e+00,0.000000e+00,0.000000e+00,0.735000,1721
860,9.256569e+00,9.256569e+00,0.000000e+00,0.000000e+00,0.736000,1723
861,9.256569e+00,9.256569e+00,0.000000e+00,0.000000e+00,0.736000,1725
862,9.256569e+00,9.256569e+00,0.000000e+00,0.000000e+00,0.737000,1727
863,9.256569e+00,9.256569e+00,0.000000e+00,0.000000e+00,0.738000,1729
864,9.256569e+00,9.256569e+00,0.000000e+00,0.000000e+00,0.738000,1731
865,9.256569e+00,9.256569e+00,0.000000e+00,0.000000e+00,0.739000,1733
866,9.256569e+00,9.256569e+00,0.000000e+00,0.000000e+00,0.740000,1735
867,9.256569e+00,9.256569e+00,0.000000e+00,0.000000e+00,0.740000,1737
868,9.256569e+00,9.256569e+00,0.000000e+00,0.000000e+00,0.741000,1739
869,9.256569e+00,9.256569e+00,0.000000e+00,0.000000e+00,0.742000,1741
870,9.256569e+00,9.256569e+00,0.000000e+00,0.000000e+00,0.743000,1743
871,9.256569e+00,9.256569e+00,0.000000e+00,0.000000e+00,0.743000,1745
872,9.256569e+00,9.256569e+00,0.000000e+00,0.000000e+00,0.744000,1747
873,9.256569e+00,9.256569e+00,0.000000e+00,0.000000e+00,0.745000,1749
874,9.256569e+00,9.256569e+00,0.000000e+00,0.000000e+00,0.745000,1751
875,9.256569e+00,9.256569e+00,0.000000e+00,0.000000e+00,0.746000,1753
876,9.256569e+00,9.256569e+00,0.000000e+00,0.000000e+00,0.747000,1755
877,9.256569e+00,9.256569e+00,0.000000e+00,0.000000e+00,0.748000,1757
878,9.256569e+00,9.256569e+00,0.000000e+00,0.000000e+00,0.748000,1759
879,9.256569e+00,9.256569e+00,0.000000e+00,0.000000e+00,0.749000,1761
880,9.256569e+00,9.256569e+00,0.000000e+00,0.000000e+00,0.749000,1763
881,9.256569e+00,9.256569e+00,0.000000e+00,0.000000e+00,0.750000,1765
882,9.256569e+00,9.256569e+00,0.000000e+00,0.000000e+00,0.751000,1767
883,9.256569e+00,9.256569e+00,0.000000e+00,0.000000e+00,0.751000,1769
884,9.256569e+00,9.256569e+00,0.000000e+00,0.000000e+00,0.752000,1771
885,9.256569e+00,9.256569e+00,0.000000e+00,0.000000e+00,0.753000,1773
886,9.256569e+00,9.256569e+00,0.000000e+00,0.000000e+00,0.753000,1775
887,9.256569e+00,9.256569e+00,0.000000e+00,0.000000e+00,0.754000,1777
888,9.256569e+00,9.256569e+00,0.000000e+00,0.000000e+00,0.755000,1779
889,9.256569e+00,9.256569e+00,0.000000e+00,0.000000e+00,0.755000,1781
890,9.256569e+00,9.256569e+00,0.000000e+00,0.000000e+00,0.756000,1783
891,9.256569e+00,9.256569e+00,0.000000e+00,0.000000e+00,0.756000,1785
892,9.256569e+00,9.256569e+00,0.000000e+00,0.000000e+00,0.757000,1787
893,9.256569e+00,9.256569e+00,0.000000e+00,0.000000e+00,0.758000,1789
894,9.256569e+00,9.256569e+00,0.000000e+00,0.000000e+00,0.758000,1791
895,9.256569e+00,9.256569e+00,0.000000e+00,0.000000e+00,0.759000,1793
896,9.256569e+00,9.256569e+00,0.000000e+00,0.000000e+00,0.760000,1795
897,9.256569e+00,9.256569e+00,0.000000e+00,0.000000e+00,0.760000,1797
898,9.256569e+00,9.256569e+00,0.000000e+00,0.000000e+00,0.761000,1799
899,9.256569e+00,9.256569e+00,0.000000e+00,0.000000e+00,0.762000,1801
900,9.256569e+00,9.256569e+00,0.000000e+00,0.000000e+00,0.763000,1803
901,9.256569e+00,9.256569e+00,0.000000e+00,0.000000e+00,0.763000,1805
902,9.256569e+00,9.256569e+00,0.000000e+00,0.000000e+00,0.764000,1807
903,9.256569e+00,9.256569e+00,0.000000e+00,0.000000e+00,0.764000,1809
904,9.256569e+00,9.256569e+00,0.000000e+00,0.000000e+00,0.765000,1811
905,9.256569e+00,9.256569e+00,0.000000e+00,0.000000e+00,0.766000,1813
906,9.256569e+00,9.256569e+00,0.000000e+00,0.000000e+00,0.766000,1815
907,9.256569e+00,9.256569e+00,0.000000e+00,0.000000e+00,0.767000,1817
908,9.256569e+00,9.256569e+00,0.000000e+00,0.000000e+00,0.768000,1819
909,9.256569e+00,9.256569e+00,0.000000e+00,0.000000e+00,0.768000,1821
910,9.256569e+00,9.256569e+00,0.000000e+00,0.000000e+00,0.769000,1823
911,9.256569e+00,9.256569e+00,0.000000e+00,0.000000e+00,0.769000,1825
912,9.256569e+00,9.256569e+00,0.000000e+00,0.000000e+00,0.770000,1827
913,9.256569e+00,9.256569e+00,0.000000e+00,0.000000e+00,0.771000,1829
914,9.256569e+00,9.256569e+00,0.000000e+00,0.000000e+00,0.771000,1831
915,9.256569e+00,9.256569e+00,0.000000e+00,0.000000e+00,0.772000,1833
916,9.256569e+00,9.256569e+00,0.000000e+00,0.000000e+00,0.773000,1835
917,9.256569e+00,9.256569e+00,0.000000e+00,0.000000e+00,0.773000,1837
918,9.256569e+00,9.256569e+00,0.000000e+00,0.000000e+00,0.774000,1839
919,9.256569e+00,9.256569e+00,0.000000e+00,0.000000e+00,0.775000,1841
920,9.256569e+00,9.256569e+00,0.000000e+00,0.000000e+00,0.775000,1843
921,9.256569e+00,9.256569e+00,0.000000e+00,0.000000e+00,0.776000,1845
922,9.256569e+00,9.256569e+00,0.000000e+00,0.000000e+00,0.777000,1847
923,9.256569e+00,9.256569e+00,0.000000e+00,0.000000e+00,0.777000,1849
924,9.256569e+00,9.256569e+00,0.000000e+00,0.000000e+00,0.778000,1851
925,9.256569e+00,9.256569e+00,0.000000e+00,0.000000e+00,0.779000,1853
926,9.256569e+00,9.256569e+00,0.000000e+00,0.000000e+00,0.779000,1855
927,9.256569e+00,9.256569e+00,0.000000e+00,0.000000e+00,0.780000,1857
928,9.256569e+00,9.256569e+00,0.000000e+00,0.000000e+00,0.781000,1859
929,9.256569e+00,9.256569e+00,0.000000e+00,0.000000e+00,0.781000,1861
930,9.256569e+00,9.256569e+00,0.000000e+00,0.000000e+00,0.782000,1863
931,9.256569e+00,9.256569e+00,0.000000e+00,0.000000e+00,0.783000,1865
932,9.256569e+00,9.256569e+00,0.000000e+00,0.000000e+00,0.783000,1867
933,9.256569e+00,9.256569e+00,0.000000e+00,0.000000e+00,0.784000,1869
934,9.256569e+00,9.256569e+00,0.000000e+00,0.000000e+00,0.784000,1871
935,9.256569e+00,9.256569e+00,0.000000e+00,0.000000e+00,0.785000,1873
936,9.256569e+00,9.256569e+00,0.000000e+00,0.000000e+00,0.786000,1875
937,9.256569e+00,9.256569e+00,0.000000e+00,0.000000e+00,0.786000,1877
938,9.256569e+00,9.256569e+00,0.000000e+00,0.000000e+00,0.787000,1879
939,9.256569e+00,9.256569e+00,0.000000e+00,0.000000e+00,0.788000,1881
940,9.256569e+00,9.256569e+00,0.000000e+00,0.000000e+00,0.788000,1883
941,9.256569e+00,9.256569e+00,0.000000e+00,0.000000e+00,0.789000,1885
942,9.256569e+00,9.256569e+00,0.000000e+00,0.000000e+00,0.790000,1887
943,9.256569e+00,9.256569e+00,0.000000e+00,0.000000e+00,0.790000,1889
944,9.256569e+00,9.256569e+00,0.000000e+00,0.000000e+00,0.791000,1891
945,9.256569e+00,9.256569e+00,0.000000e+00,0.000000e+00,0.791000,1893
946,9.256569e+00,9.256569e+00,0.000000e+00,0.000000e+00,0.792000,1895
947,9.256569e+00,9.256569e+00,0.000000e+00,0.000000e+00,0.793000,1897
948,9.256569e+00,9.256569e+00,0.000000e+00,0.000000e+00,0.794000,1899
949,9.256569e+00,9.256569e+00,0.000000e+00,0.000000e+00,0.794000,1901
950,9.256569e+00,9.256569e+00,0.000000e+00,0.000000e+00,0.795000,1903
951,9.256569e+00,9.256569e+00,0.000000e+00,0.000000e+00,0.796000,1905
952,9.256569e+00,9.256569e+00,0.000000e+00,0.000000e+00,0.796000,1907
953,9.256569e+00,9.256569e+00,0.000000e+00,0.000000e+00,0.797000,1909
954,9.256569e+00,9.256569e+00,0.000000e+00,0.000000e+00,0.798000,1911
955,9.256569e+00,9.256569e+00,0.000000e+00,0.000000e+00,0.798000,1913
956,9.256569e+00,9.256569e+00,0.000000e+00,0.000000e+00,0.799000,1915
957,9.256569e+00,9.256569e+00,0.000000e+00,0.000000e+00,0.799000,1917
958,9.256569e+00,9.256569e+00,0.000000e+00,0.000000e+00,0.800000,1919
959,9.256569e+00,9.256569e+00,0.000000e+00,0.000000e+00,0.801000,1921
960,9.256569e+00,9.256569e+00,0.000000e+00,0.000000e+00,0.801000,1923
961,9.256569e+00,9.256569e+00,0.000000e+00,0.000000e+00,0.802000,1925
962,9.256569e+00,9.256569e+00,0.000000e+00,0.000000e+00,0.803000,1927
963,9.256569e+00,9.256569e+00,0.000000e+00,0.000000e+00,0.803000,1929
964,9.256569e+00,9.256569e+00,0.000000e+00,0.000000e+00,0.804000,1931
965,9.256569e+00,9.256569e+00,0.000000e+00,0.000000e+00,0.804000,1933
966,9.256569e+00,9.256569e+00,0.000000e+00,0.000000e+00,0.805000,1935
967,9.256569e+00,9.256569e+00,0.000000e+00,0.000000e+00,0.806000,1937
968,9.256569e+00,9.256569e+00,0.000000e+00,0.000000e+00,0.806000,1939
969,9.256569e+00,9.256569e+00,0.000000e+00,0.000000e+00,0.807000,1941
970,9.256569e+00,9.256569e+00,0.000000e+00,0.000000e+00,0.808000,1943
971,9.256569e+00,9.256569e+00,0.000000e+00,0.000000e+00,0.808000,1945
972,9.256569e+00,9.256569e+00,0.000000e+00,0.000000e+00,0.809000,1947
973,9.256569e+00,9.256569e+00,0.000000e+00,0.000000e+00,0.810000,1949
974,9.256569e+00,9.256569e+00,0.000000e+00,0.000000e+00,0.810000,1951
975,9.256569e+00,9.256569e+00,0.000000e+00,0.000000e+00,0.811000,1953
976,9.256569e+00,9.256569e+00,0.000000e+00,0.000000e+00,0.811000,1955
977,9.256569e+00,9.256569e+00,0.000000e+00,0.000000e+00,0.812000,1957
978,9.256569e+00,9.256569e+00,0.000000e+00,0.000000e+00,0.813000,1959
979,9.256569e+00,9.256569e+00,0.000000e+00,0.000000e+00,0.813000,1961
980,9.256569e+00,9.256569e+00,0.000000e+00,0.000000e+00,0.814000,1963
981,9.256569e+00,9.256569e+00,0.000000e+00,0.000000e+00,0.814000,1965
982,9.256569e+00,9.256569e+00,0.000000e+00,0.000000e+00,0.815000,1967
983,9.256569e+00,9.256569e+00,0.000000e+00,0.000000e+00,0.816000,1969
984,9.256569e+00,9.256569e+00,0.000000e+00,0.000000e+00,0.816000,1971
985,9.256569e+00,9.256569e+00,0.000000e+00,0.000000e+00,0.817000,1973
986,9.256569e+00,9.256569e+00,0.000000e+00,0.000000e+00,0.817000,1975
987,9.256569e+00,9.256569e+00,0.000000e+00,0.000000e+00,0.818000,1977
988,9.256569e+00,9.256569e+00,0.000000e+00,0.000000e+00,0.818000,1979
989,9.256569e+00,9.256569e+00,0.000000e+00,0.000000e+00,0.819000,1981
990,9.256569e+00,9.256569e+00,0.000000e+00,0.000000e+00,0.820000,1983
991,9.256569e+00,9.256569e+00,0.000000e+00,0.000000e+00,0.820000,1985
992,9.256569e+00,9.256569e+00,0.000000e+00,0.000000e+00,0.821000,1987
993,9.256569e+00,9.256569e+00,0.000000e+00,0.000000e+00,0.821000,1989
994,9.256569e+00,9.256569e+00,0.000000e+00,0.000000e+00,0.822000,1991
995,9.256569e+00,9.256569e+00,0.000000e+00,0.000000e+00,0.822000,1993
996,9.256569e+00,9.256569e+00,0.000000e+00,0.000000e+00,0.823000,1995
997,9.256569e+00,9.256569e+00,0.000000e+00,0.000000e+00,0.824000,1997
998,9.256569e+00,9.256569e+00,0.000000e+00,0.000000e+00,0.824000,1999
999,9.256569e+00,9.256569e+00,0.000000e+00,0.000000e+00,0.825000,2001


 SA simulation finished

Best Fitness=9.256569e+00,x[0]=-7.879624e-02|,x[1]=-5.232331e-02|,x[2]=3.534284e-02|,x[3]=-1.099648e+00|,x[4]=-1.959772e+00|,