0.346000|0.522000|32250|50050|1.700000|0.100000|0.100000|0.100000|160|3|50|1000|0|9.960363e-07|1.850721e-04|3.986208e-04|-3.739662e-04|3.711063e-04|1.862503e-04|-2.648264e-04|-4.609931e-04|-2.235674e-04|-3.960355e-04|3.394262e-05|
0.214000|0.220000|48300|50050|1.700000|0.100000|0.100000|0.100000|160|3|50|1000|10|2.571312e-07|-2.799575e-05|-3.134986e-05|-2.159847e-04|2.014181e-05|-2.157069e-04|-1.641396e-04|-1.543217e-04|8.007653e-05|1.128345e-04|-3.031158e-04|
0.173000|0.180000|48200|50050|1.700000|0.100000|0.100000|0.100000|160|3|50|1000|100|6.258122e-07|2.179194e-04|3.321618e-04|-3.922409e-04|1.659648e-04|-1.108388e-04|-3.392278e-04|7.691203e-05|4.942534e-05|-3.470035e-04|1.745399e-04|
0.201000|0.209000|48300|50050|1.750000|0.100000|0.100000|0.100000|160|3|50|1000|0|4.488909e-05|5.712975e-04|-1.446043e-03|-3.024109e-03|2.073202e-03|-3.960501e-03|2.954461e-03|1.005270e-03|-1.505442e-03|3.971845e-04|-1.085899e-03|
0.199000|0.291000|32100|50050|1.750000|0.100000|0.100000|0.100000|160|3|50|1000|10|6.462351e-05|-3.912440e-03|3.715924e-03|-1.755827e-03|-5.435543e-04|1.411945e-03|2.105703e-04|2.494949e-03|1.809637e-03|1.594759e-03|-4.248423e-03|
0.162000|0.209000|40300|50050|1.750000|0.100000|0.100000|0.100000|160|3|50|1000|100|1.931919e-05|2.952374e-05|2.801649e-04|1.765712e-03|1.245531e-03|2.249736e-03|-9.647054e-04|-1.402253e-03|-7.337125e-04|-2.460769e-03|1.368909e-04|
0.167000|0.205000|40300|50050|1.600000|0.100000|0.100000|0.100000|160|3|50|1000|0|1.968120e-10|-9.775973e-06|-3.464419e-06|3.118120e-06|3.427766e-06|-3.812015e-06|4.190549e-06|-4.871774e-06|-1.974747e-06|-5.528316e-07|-2.781433e-06|
0.200000|0.214000|48000|50050|1.600000|0.100000|0.100000|0.100000|160|3|50|1000|10|9.928279e-11|-4.271176e-06|1.043625e-06|-1.443447e-06|3.881569e-06|4.852687e-07|6.782347e-06|-1.113434e-07|-3.413553e-06|-8.639716e-07|2.038057e-06|
0.206000|0.211000|48350|50050|1.600000|0.100000|0.100000|0.100000|160|3|50|1000|100|1.761869e-10|5.196745e-06|-5.715722e-06|3.901561e-06|-2.184003e-06|2.351953e-06|-2.015697e-06|-5.875046e-06|3.287071e-06|-6.421494e-06|6.065563e-07|
0.248000|0.260000|48150|50050|1.500000|0.100000|0.100000|0.100000|160|3|50|1000|0|6.757524e-14|7.597762e-08|9.837297e-08|1.247424e-08|1.279017e-07|5.745945e-08|1.739752e-08|-1.099207e-07|3.857573e-08|1.357506e-07|2.800475e-09|
0.232000|0.249000|48200|50050|1.500000|0.100000|0.100000|0.100000|160|3|50|1000|10|1.714720e-14|-3.303459e-08|1.332097e-08|-6.419270e-08|-6.353391e-08|9.319285e-09|-2.105799e-08|5.927049e-08|5.350417e-08|1.194077e-08|2.593546e-08|
0.267000|0.273000|48350|50050|1.500000|0.100000|0.100000|0.100000|160|3|50|1000|100|4.608115e-14|7.357044e-08|-4.472397e-08|-7.913001e-08|4.004393e-08|5.810902e-08|-5.444546e-08|-3.995785e-08|-6.109493e-08|-1.341927e-07|-3.354656e-08|
0.173000|0.182000|47150|50050|1.350000|0.100000|0.100000|0.100000|160|3|50|1000|0|3.235256e-16|-2.629260e-09|-1.606098e-09|6.250569e-09|8.429795e-09|5.427010e-09|3.551964e-10|-5.303606e-09|4.221542e-09|6.358311e-09|-9.377931e-09|
0.384000|0.402000|48300|50050|1.350000|0.100000|0.100000|0.100000|160|3|50|1000|10|1.661145e-15|-1.039275e-08|7.813191e-09|-1.695490e-09|1.659323e-09|-1.360631e-08|-2.398892e-08|1.178202e-08|-1.112332e-08|-2.122419e-08|-3.584845e-09|
0.199000|0.207000|48000|50050|1.350000|0.100000|0.100000|0.100000|160|3|50|1000|100|1.076982e-16|-2.680644e-09|2.165003e-09|2.232622e-09|-1.761639e-09|1.062765e-09|5.531053e-09|4.519874e-09|-3.817064e-09|3.679431e-09|-2.734536e-09|
0.183000|0.189000|48350|50050|1.200000|0.100000|0.100000|0.100000|160|3|50|1000|0|4.559468e-07|-2.839281e-05|-3.426069e-04|-6.655704e-05|3.789463e-04|1.388719e-04|-7.347675e-05|-1.773664e-04|-1.025501e-04|2.396374e-04|-2.562134e-04|
0.184000|0.192000|48350|50050|1.200000|0.100000|0.100000|0.100000|160|3|50|1000|10|1.902508e-08|-6.890273e-05|-8.848460e-05|3.119680e-05|3.076559e-05|-5.034713e-05|2.715501e-06|-3.927099e-05|-1.027815e-05|-2.297360e-06|-1.824471e-05|
0.204000|0.211000|48350|50050|1.200000|0.100000|0.100000|0.100000|160|3|50|1000|100|3.603075e-07|-1.581770e-04|-4.071807e-04|2.812527e-04|-1.146449e-04|-1.925162e-04|-1.138773e-04|4.082361e-05|5.494717e-06|1.564643e-04|-3.219520e-05|
0.087000|0.352000|7950|50050|2.000000|0.100000|0.100000|0.100000|160|3|50|1000|0|9.868880e+01|-7.271459e+00|2.133179e+00|-3.960158e+00|-1.073423e+00|-2.889234e-01|-1.289565e+00|1.987711e+00|9.504223e-01|4.221061e+00|1.050776e-01|
0.037000|0.198000|7200|50050|2.000000|0.100000|0.100000|0.100000|160|3|50|1000|10|8.531706e+01|2.757139e+00|-6.286351e+00|-1.136757e+00|1.262512e+00|1.392843e+00|-2.206829e+00|-4.291368e+00|-1.453716e-01|-1.385559e+00|2.853775e+00|
0.141000|0.223000|32200|50050|2.000000|0.100000|0.100000|0.100000|160|3|50|1000|100|9.589735e+01|-1.984212e+00|3.288572e+00|1.519236e+00|-4.414254e+00|1.969885e+00|-5.602837e-01|-1.732821e+00|3.662554e+00|-3.262008e+00|5.300925e+00|
0.251000|0.257000|48350|50050|1.700000|0.200000|0.100000|0.100000|160|3|50|1000|0|2.324259e-07|-1.813793e-04|2.732271e-04|-1.924374e-04|1.142932e-04|1.925667e-04|4.472363e-05|1.607080e-04|-4.039234e-05|8.901402e-05|1.775122e-05|
0.174000|0.179000|48000|50050|1.700000|0.200000|0.100000|0.100000|160|3|50|1000|10|1.747775e-07|-3.724553e-05|1.795712e-04|-1.421266e-04|-1.186846e-04|8.944214e-05|2.576875e-05|-8.972004e-05|-1.037552e-04|-1.765496e-04|2.195675e-04|
0.140000|0.223000|31950|50050|1.700000|0.200000|0.100000|0.100000|160|3|50|1000|100|2.257963e-07|-1.590585e-04|-1.062803e-04|5.288515e-05|4.799357e-05|-1.923548e-04|2.858877e-05|-9.787913e-05|-2.620401e-04|2.551859e-04|5.401920e-05|
0.305000|0.476000|32250|50050|1.700000|0.050000|0.100000|0.100000|160|3|50|1000|0|1.629511e-06|-4.327631e-05|-3.023992e-05|4.931181e-04|-7.981430e-04|4.562281e-04|-5.141189e-04|1.966464e-04|-2.577299e-05|-3.990699e-04|-2.747239e-04|
0.195000|0.238000|40100|50050|1.700000|0.050000|0.100000|0.100000|160|3|50|1000|10|2.316686e-06|-5.695241e-04|7.566586e-05|-2.822826e-04|-7.833352e-04|-8.156530e-06|-4.035719e-04|-2.932698e-04|7.223250e-04|2.231884e-04|6.876006e-04|
0.178000|0.260000|40100|50050|1.700000|0.050000|0.100000|0.100000|160|3|50|1000|100|1.345331e-06|-3.201800e-05|4.854660e-04|1.683402e-04|2.429474e-04|7.945067e-04|-4.087340e-04|-6.401796e-05|-3.816498e-04|-2.355297e-04|-1.331667e-04|
0.220000|0.228000|48200|50050|1.700000|0.300000|0.100000|0.100000|160|3|50|1000|0|3.519834e-07|2.322394e-04|-2.967492e-04|1.870824e-04|9.885684e-05|2.829223e-04|-2.127971e-04|9.523449e-05|8.262874e-05|-1.426580e-04|6.032913e-05|
0.088000|0.573000|16150|50050|1.700000|0.300000|0.100000|0.100000|160|3|50|1000|10|1.599562e-07|1.348890e-04|9.450432e-05|-8.370950e-05|1.638364e-04|1.465737e-04|1.585818e-04|2.121893e-05|1.310114e-05|1.484475e-04|-1.723077e-04|
0.147000|0.239000|23900|50050|1.700000|0.300000|0.100000|0.100000|160|3|50|1000|100|4.756636e-07|-1.471313e-05|7.160881e-05|-2.492133e-04|4.408390e-06|3.027099e-04|1.324708e-04|3.337684e-04|3.254619e-04|-2.847121e-04|2.496013e-05|
0.151000|0.258000|31550|50050|1.700000|0.010000|0.100000|0.100000|160|3|50|1000|0|7.710864e-06|-1.610600e-03|-2.091633e-04|-4.302737e-04|2.744989e-04|1.266580e-03|-3.084894e-04|6.339525e-04|-1.674322e-04|-7.891476e-05|-1.636169e-03|
0.198000|0.231000|40300|50050|1.700000|0.010000|0.100000|0.100000|160|3|50|1000|10|2.798029e-06|-7.170987e-05|1.373971e-04|-3.694150e-04|1.104014e-03|-1.977021e-04|-4.930603e-04|-5.262069e-04|-6.933924e-04|4.615697e-04|-4.071449e-04|
0.154000|0.192000|40300|50050|1.700000|0.010000|0.100000|0.100000|160|3|50|1000|100|7.160770e-06|-5.023116e-04|1.607968e-03|7.892406e-04|-7.377537e-04|1.216077e-03|1.299034e-05|-1.007970e-03|-4.908434e-04|1.549795e-04|-6.290842e-04|
0.237000|0.247000|48300|50050|1.700000|0.500000|0.100000|0.100000|160|3|50|1000|0|1.367383e-06|-4.468326e-05|3.697387e-04|2.039394e-05|3.362164e-04|-6.450661e-04|1.777227e-04|5.334492e-04|-3.330053e-04|-3.888573e-04|3.476441e-04|
0.304000|0.457000|32150|50050|1.700000|0.500000|0.100000|0.100000|160|3|50|1000|10|9.373926e-07|5.772062e-04|2.104802e-04|4.499026e-04|-2.878256e-04|-2.507007e-04|-1.020104e-04|-2.703179e-04|3.160373e-04|1.633387e-04|-4.219059e-05|
0.287000|0.387000|32250|50050|1.700000|0.500000|0.100000|0.100000|160|3|50|1000|100|1.309654e-06|-5.549178e-04|-5.683071e-04|3.998814e-05|3.797538e-05|4.064689e-04|2.552980e-04|3.618662e-04|-1.753145e-04|4.550509e-04|2.766925e-04|
0.139000|0.411000|32050|50050|1.700000|0.000000|0.100000|0.100000|160|3|50|1000|0|7.699072e-06|1.449325e-03|1.568213e-04|-7.534517e-04|-1.394394e-04|-3.425089e-04|-3.404799e-04|1.026139e-03|3.539840e-04|-1.841297e-03|4.300294e-04|
0.305000|0.343000|39950|50050|1.700000|0.000000|0.100000|0.100000|160|3|50|1000|10|6.613271e-06|7.611556e-04|7.921216e-05|3.569314e-06|-8.659252e-05|-1.395441e-03|7.112218e-05|7.391372e-04|-1.562816e-03|-1.035955e-03|7.676633e-05|
0.176000|0.186000|48050|50050|1.700000|0.000000|0.100000|0.100000|160|3|50|1000|100|2.881568e-06|-6.851780e-04|1.467889e-04|3.494915e-04|4.936913e-04|5.295131e-06|3.574540e-04|-2.854109e-04|-2.034290e-04|5.513878e-04|-1.212437e-03|
0.227000|0.283000|40200|50050|1.700000|0.700000|0.100000|0.100000|160|3|50|1000|0|1.034248e-06|5.859548e-04|-1.127778e-04|-8.401123e-05|-2.220022e-04|2.564553e-04|3.280803e-05|-2.325420e-05|9.484754e-05|-4.658072e-05|-7.370830e-04|
0.456000|0.466000|48350|50050|1.700000|0.700000|0.100000|0.100000|160|3|50|1000|10|2.032517e-06|-2.084038e-04|2.463914e-05|-1.073397e-04|7.922993e-04|-1.986134e-04|6.396851e-04|-3.048665e-04|-8.901123e-04|-2.735544e-05|-1.207545e-04|
0.211000|0.220000|48300|50050|1.700000|0.700000|0.100000|0.100000|160|3|50|1000|100|2.422150e-06|4.774565e-04|2.853258e-04|-5.132056e-04|-2.653239e-04|4.870500e-04|3.917735e-05|4.460580e-04|3.682628e-04|-5.278820e-04|9.628084e-04|
0.040000|0.215000|8100|50050|1.700000|1.000000|0.100000|0.100000|160|3|50|1000|0|7.069120e-06|-5.696178e-04|9.126350e-05|-5.342184e-05|-8.161916e-04|2.038936e-03|5.374891e-04|6.723365e-04|6.101018e-04|1.236824e-04|-8.840756e-04|
0.040000|0.271000|8050|50050|1.700000|1.000000|0.100000|0.100000|160|3|50|1000|10|1.277739e-05|1.027707e-03|-1.232713e-03|-1.120961e-03|-6.870012e-04|-1.947557e-04|6.041926e-04|1.475373e-03|1.396237e-04|3.647695e-04|-2.396006e-03|
0.424000|0.445000|48300|50050|1.700000|1.000000|0.100000|0.100000|160|3|50|1000|100|1.241396e-06|-2.328847e-04|-2.718609e-04|-8.002639e-04|-1.990913e-04|-4.739463e-06|2.479573e-04|1.220955e-04|-5.855601e-04|9.414631e-06|1.175199e-04|
0.086000|0.518000|8100|50050|1.700000|1.200000|0.100000|0.100000|160|3|50|1000|0|7.186703e-06|-1.215759e-03|-1.024985e-03|-8.739564e-05|-1.776431e-04|1.081093e-04|2.600229e-04|-1.884553e-03|8.596518e-05|8.989163e-04|4.154056e-04|
0.431000|0.515000|40250|50050|1.700000|1.200000|0.100000|0.100000|160|3|50|1000|10|1.178602e-04|2.626988e-03|-9.347715e-04|1.447879e-03|6.379601e-03|2.643897e-03|-6.663844e-04|4.333517e-03|-9.914265e-04|-4.356187e-03|4.595297e-03|
0.060000|0.235000|8100|50050|1.700000|1.200000|0.100000|0.100000|160|3|50|1000|100|4.430526e-05|-4.862412e-04|3.169225e-04|4.158084e-03|2.348280e-03|6.206007e-04|-1.456191e-03|-8.383541e-04|3.729567e-03|1.726813e-03|1.031640e-03|
0.040000|0.213000|8100|50050|1.700000|1.500000|0.100000|0.100000|160|3|50|1000|0|8.928234e-04|-9.543868e-03|-7.410233e-03|1.752483e-02|-2.641103e-03|7.839715e-03|-4.383981e-03|-1.517920e-03|4.956788e-03|-4.647716e-03|1.742343e-02|
0.053000|0.363000|8100|50050|1.700000|1.500000|0.100000|0.100000|160|3|50|1000|10|9.079767e-05|-3.380842e-03|5.972344e-04|-1.994935e-03|3.180752e-03|7.023568e-04|-2.097830e-03|3.821826e-03|5.191339e-03|-1.374394e-03|-4.071172e-03|
0.070000|0.405000|8050|50050|1.700000|1.500000|0.100000|0.100000|160|3|50|1000|100|1.825535e-04|1.360175e-03|-3.877507e-03|8.010126e-03|6.313107e-05|-4.952032e-03|-2.206275e-03|3.779637e-03|7.420950e-03|5.522568e-04|1.565521e-03|
0.474000|0.485000|48250|50050|1.700000|0.100000|0.200000|0.100000|160|3|50|1000|0|4.221815e-07|9.879009e-05|-2.165876e-04|-2.939929e-04|2.489893e-04|2.374613e-04|-6.429373e-06|-1.184117e-04|-3.136972e-04|-1.743270e-04|-1.335589e-04|
0.293000|0.365000|40100|50050|1.700000|0.100000|0.200000|0.100000|160|3|50|1000|10|1.648684e-07|-1.359067e-04|-2.047339e-04|-1.016725e-04|-8.497110e-05|-2.513979e-04|3.182506e-05|1.268383e-04|-7.785331e-05|-3.068698e-06|-2.349834e-05|
0.389000|0.414000|48250|50050|1.700000|0.100000|0.200000|0.100000|160|3|50|1000|100|3.410077e-07|-5.279453e-05|-8.600087e-05|2.476329e-04|-1.862626e-04|-7.541059e-05|2.664197e-04|1.443150e-04|-2.078281e-04|-2.893331e-04|-1.020260e-04|
0.223000|0.346000|32200|50050|1.700000|0.100000|0.050000|0.100000|160|3|50|1000|0|5.509517e-07|3.097104e-06|9.401044e-05|3.140727e-04|-6.835902e-05|9.647808e-05|-1.242619e-04|2.855384e-04|5.449692e-04|1.685482e-04|-8.431138e-05|
0.344000|0.355000|48350|50050|1.700000|0.100000|0.050000|0.100000|160|3|50|1000|10|1.007790e-06|-5.830625e-04|-1.394259e-04|-2.320539e-04|-3.172233e-04|4.359998e-04|-5.295407e-04|2.583479e-05|-5.480882e-05|-1.110461e-04|-8.600584e-05|
0.251000|0.407000|32100|50050|1.700000|0.100000|0.050000|0.100000|160|3|50|1000|100|2.923464e-06|-4.216118e-04|7.497784e-04|-8.136225e-04|7.227531e-04|-4.021156e-05|1.008338e-04|8.572052e-04|3.346510e-04|3.506903e-04|-1.327622e-04|
0.352000|0.502000|32150|50050|1.700000|0.100000|0.300000|0.100000|160|3|50|1000|0|1.121555e-07|-6.828169e-05|-3.812837e-06|1.280840e-04|-3.317979e-05|-1.068100e-04|1.759281e-04|1.228537e-04|-1.484285e-04|-1.024090e-04|-1.187582e-06|
0.324000|0.484000|32150|50050|1.700000|0.100000|0.300000|0.100000|160|3|50|1000|10|1.424270e-07|5.486143e-05|1.371074e-05|7.471322e-05|-3.719387e-05|-2.647993e-04|-4.788746e-05|1.992530e-04|-2.577533e-05|-5.530990e-05|1.281665e-04|
0.289000|0.384000|39900|50050|1.700000|0.100000|0.300000|0.100000|160|3|50|1000|100|2.041463e-07|1.944871e-07|1.651544e-05|2.282737e-04|-1.720082e-04|9.695381e-05|1.857543e-04|4.430679e-05|1.366951e-04|2.191912e-04|-9.787600e-05|
0.387000|0.401000|48350|50050|1.700000|0.100000|0.010000|0.100000|160|3|50|1000|0|1.294693e-05|4.025937e-04|2.613471e-04|1.159314e-03|-9.218195e-04|-1.587616e-04|1.461936e-03|2.179539e-03|-6.330349e-04|3.173860e-04|1.763086e-03|
0.375000|0.434000|40300|50050|1.700000|0.100000|0.010000|0.100000|160|3|50|1000|10|3.281479e-05|1.899634e-03|1.525889e-03|7.912589e-04|4.166860e-04|3.892677e-04|3.677081e-03|-1.174050e-03|2.774921e-03|1.581860e-03|9.081839e-04|
0.249000|0.255000|48350|50050|1.700000|0.100000|0.010000|0.100000|160|3|50|1000|100|1.730159e-05|-4.793247e-04|3.721967e-04|-3.191366e-03|4.359961e-04|8.265966e-04|-4.547911e-04|1.251228e-03|-4.625216e-04|3.012455e-04|-1.948859e-03|
0.177000|0.183000|48200|50050|1.700000|0.100000|0.400000|0.100000|160|3|50|1000|0|3.946714e-07|-3.126186e-05|-3.423869e-05|-1.040632e-04|-2.405754e-04|-2.847477e-04|4.544516e-04|-6.147835e-05|3.747322e-06|-6.395414e-05|-1.683000e-04|
0.192000|0.202000|48350|50050|1.700000|0.100000|0.400000|0.100000|160|3|50|1000|10|3.553666e-07|-1.053607e-04|-2.209657e-04|3.682859e-05|3.028971e-04|1.382553e-04|-9.055294e-05|2.605804e-04|2.229945e-04|-2.250775e-04|8.206082e-05|
0.179000|0.184000|48300|50050|1.700000|0.100000|0.400000|0.100000|160|3|50|1000|100|3.668796e-07|-1.814672e-04|3.600957e-05|-5.403748e-05|4.278671e-04|1.715972e-04|8.977550e-05|-5.242740e-05|-6.416739e-05|1.545400e-04|-2.800148e-04|
0.167000|0.235000|40150|50050|1.700000|0.100000|0.000000|0.100000|160|3|50|1000|0|7.196699e-05|2.311119e-03|-4.012507e-04|-8.829734e-04|-9.582565e-04|2.741057e-03|-2.858969e-04|-1.128988e-04|4.618634e-03|-3.542612e-03|-4.824631e-03|
0.250000|0.258000|48050|50050|1.700000|0.100000|0.000000|0.100000|160|3|50|1000|10|1.200034e-04|1.254242e-03|2.087553e-03|-4.511887e-03|2.700251e-03|-3.472470e-04|1.056678e-03|-6.674104e-03|-5.112109e-03|-3.614876e-03|-1.200881e-03|
0.192000|0.198000|48350|50050|1.700000|0.100000|0.000000|0.100000|160|3|50|1000|100|5.696284e-05|-1.940134e-04|-3.804478e-03|2.112966e-03|1.537696e-03|4.537060e-04|9.065233e-04|1.077529e-03|1.305657e-03|-1.163600e-03|-5.511316e-03|
0.198000|0.203000|48350|50050|1.700000|0.100000|1.000000|0.100000|160|3|50|1000|0|4.993910e-05|1.002542e-04|1.686182e-03|1.925410e-03|-1.484699e-03|-3.637730e-03|-5.833962e-04|2.789468e-03|2.815906e-03|2.649225e-03|-2.207265e-03|
0.201000|0.209000|48000|50050|1.700000|0.100000|1.000000|0.100000|160|3|50|1000|10|1.869737e-04|4.166850e-03|2.835245e-04|-2.990541e-03|-4.205572e-03|-8.652882e-04|3.178565e-03|-2.487539e-03|-6.770647e-03|-7.864118e-03|4.263170e-03|
0.157000|0.211000|40150|50050|1.700000|0.100000|1.000000|0.100000|160|3|50|1000|100|7.364146e-05|1.873650e-03|-1.008896e-03|4.178258e-03|-5.752219e-03|2.170590e-04|3.446211e-04|-1.071831e-03|6.828740e-04|-6.360109e-04|-4.047423e-03|
0.178000|0.183000|48300|50050|1.700000|0.100000|1.200000|0.100000|160|3|50|1000|0|1.295261e-03|8.055698e-03|-1.881050e-03|3.109499e-03|-9.311567e-03|-8.258646e-03|1.224489e-02|-2.094963e-02|2.722854e-03|-2.150380e-02|-1.896656e-03|
0.214000|0.277000|40150|50050|1.700000|0.100000|1.200000|0.100000|160|3|50|1000|10|6.921724e-04|-1.413194e-02|-1.824833e-03|-4.099218e-03|-3.623731e-03|7.844052e-04|1.295227e-03|-2.252017e-03|1.141379e-02|1.761471e-02|-3.358376e-03|
0.184000|0.188000|48350|50050|1.700000|0.100000|1.200000|0.100000|160|3|50|1000|100|6.521275e-04|1.246817e-02|1.339461e-02|-4.033181e-03|-2.042326e-03|1.873617e-03|-9.918816e-04|2.149989e-03|-4.968176e-03|1.377190e-02|-8.564712e-03|
0.148000|0.181000|39850|50050|1.700000|0.100000|1.600000|0.100000|160|3|50|1000|0|1.860760e-01|5.218962e-02|7.413037e-02|-2.200094e-01|-1.125702e-01|-1.022190e-01|-7.744151e-03|9.719831e-02|-6.451203e-02|2.090449e-01|2.212759e-01|
0.178000|0.184000|48350|50050|1.700000|0.100000|1.600000|0.100000|160|3|50|1000|10|2.735995e-02|1.426017e-03|6.320119e-02|5.865479e-02|6.383264e-02|9.202932e-02|-6.906283e-02|2.357266e-02|-4.072678e-03|4.429168e-02|-8.686509e-03|
0.187000|0.195000|47500|50050|1.700000|0.100000|1.600000|0.100000|160|3|50|1000|100|8.823581e-02|8.232031e-02|9.310607e-02|7.980003e-02|3.143862e-02|4.195553e-02|2.649166e-02|-1.085028e-01|-1.835851e-01|-3.481098e-02|1.276079e-01|
0.168000|0.177000|48150|50050|1.700000|0.100000|0.700000|0.100000|160|3|50|1000|0|7.833452e-06|-3.560398e-04|3.788385e-04|7.685288e-04|6.408215e-04|1.621884e-03|-1.682761e-03|4.500479e-04|8.290583e-04|-2.138350e-04|4.050709e-04|
0.452000|0.467000|48050|50050|1.700000|0.100000|0.700000|0.100000|160|3|50|1000|10|5.684155e-06|-9.318417e-04|5.242820e-04|7.393967e-05|5.434719e-04|6.576452e-04|-2.824985e-04|1.263940e-03|5.075286e-04|-1.618853e-04|1.358855e-03|
0.270000|0.277000|48300|50050|1.700000|0.100000|0.700000|0.100000|160|3|50|1000|100|1.528319e-06|5.028565e-04|-1.053728e-04|-3.979458e-04|3.625379e-04|-5.576428e-04|-9.118489e-05|1.012313e-04|-1.859295e-04|-4.870392e-04|6.109433e-04|
0.175000|0.184000|48250|50050|1.700000|0.100000|0.900000|0.100000|160|3|50|1000|0|2.804583e-05|-9.243660e-04|5.660775e-04|1.547146e-03|1.446016e-03|1.670444e-03|-2.999317e-04|1.389150e-06|-3.126901e-03|2.461860e-03|-1.915124e-03|
0.195000|0.202000|48100|50050|1.700000|0.100000|0.900000|0.100000|160|3|50|1000|10|2.125606e-05|-2.827976e-03|-1.380734e-03|1.439524e-03|7.358897e-04|-3.182209e-04|-1.364210e-03|1.149091e-04|-1.495454e-03|-1.957937e-03|8.324548e-04|
0.252000|0.260000|48100|50050|1.700000|0.100000|0.900000|0.100000|160|3|50|1000|100|3.371647e-05|-2.921061e-04|2.231519e-03|-1.130145e-03|-4.934646e-04|-9.095642e-04|1.010400e-04|8.617381e-04|4.063995e-03|1.739630e-03|2.451175e-03|
0.257000|0.262000|48350|50050|1.700000|0.100000|0.100000|0.200000|160|3|50|1000|0|9.616749e-05|3.934198e-03|4.104172e-03|-4.210464e-03|7.284043e-04|2.019108e-03|-6.757767e-04|4.914095e-03|-8.455298e-04|3.042457e-03|-2.633156e-03|
0.116000|0.179000|32250|50050|1.700000|0.100000|0.100000|0.200000|160|3|50|1000|10|4.864200e-05|2.839983e-03|-2.348302e-03|3.382511e-05|1.867308e-03|-2.959155e-03|2.919597e-03|4.814925e-04|-3.629590e-03|-7.571611e-05|-9.390744e-04|
0.189000|0.196000|48350|50050|1.700000|0.100000|0.100000|0.200000|160|3|50|1000|100|2.661250e-04|5.341791e-03|-5.221951e-04|1.267984e-03|-7.766566e-03|-1.083488e-03|7.676130e-03|2.100663e-03|5.914826e-03|-4.378258e-03|7.531685e-03|
0.164000|0.202000|40200|50050|1.700000|0.100000|0.100000|0.050000|160|3|50|1000|0|4.095036e-08|5.470991e-05|5.837303e-05|6.469490e-05|4.396567e-05|1.024022e-04|3.613284e-05|-2.288321e-05|-1.216986e-04|1.714695e-05|3.180199e-05|
0.240000|0.247000|48350|50050|1.700000|0.100000|0.100000|0.050000|160|3|50|1000|10|8.412829e-08|1.500653e-05|-5.175987e-05|1.216440e-04|2.103907e-05|1.431752e-04|-1.467499e-04|8.848480e-05|1.144450e-04|2.731798e-05|-4.770680e-05|
0.160000|0.194000|40050|50050|1.700000|0.100000|0.100000|0.050000|160|3|50|1000|100|3.401603e-08|1.792004e-05|8.100296e-05|-3.562476e-06|5.062586e-05|-4.906506e-05|8.138560e-05|5.761898e-06|-9.383972e-05|7.043785e-05|-4.154727e-05|
0.109000|0.205000|24150|50050|1.700000|0.100000|0.100000|0.300000|160|3|50|1000|0|3.463473e-03|1.298435e-02|2.458151e-03|-1.378751e-02|-9.391299e-03|1.008332e-02|1.268324e-02|-1.863007e-02|6.610207e-03|-2.906709e-02|-3.888878e-02|
0.168000|0.174000|48250|50050|1.700000|0.100000|0.100000|0.300000|160|3|50|1000|10|8.222168e-03|1.381520e-02|2.664472e-02|-7.304616e-02|2.160704e-02|-2.022225e-02|-2.028328e-02|-9.790854e-03|-1.847166e-03|-1.131973e-02|-2.170258e-02|
0.103000|0.202000|24200|50050|1.700000|0.100000|0.100000|0.300000|160|3|50|1000|100|7.219713e-03|-4.392205e-02|3.481170e-02|-1.325998e-02|5.193004e-03|3.971383e-03|-3.092787e-02|-6.836014e-03|-1.202250e-02|4.223961e-02|-3.046566e-02|
0.236000|0.254000|48250|50050|1.700000|0.100000|0.100000|0.010000|160|3|50|1000|0|3.391533e-09|-3.497284e-05|-2.875811e-06|-1.416010e-07|3.603180e-06|-3.067446e-05|1.953367e-05|9.412594e-06|3.304414e-06|2.648401e-05|-4.873782e-06|
0.333000|0.376000|40300|50050|1.700000|0.100000|0.100000|0.010000|160|3|50|1000|10|1.815956e-09|-1.032798e-05|2.215648e-05|-1.181969e-05|-4.867316e-06|-1.311708e-05|1.479667e-05|-2.373641e-05|1.409840e-06|9.432845e-06|3.098520e-06|
0.189000|0.194000|48250|50050|1.700000|0.100000|0.100000|0.010000|160|3|50|1000|100|7.292108e-10|-1.771444e-06|-9.616653e-06|1.870572e-05|-1.516235e-05|-2.987728e-06|-9.921243e-07|3.899615e-06|2.128704e-06|3.117079e-06|-3.798227e-06|
0.242000|0.250000|48000|50050|1.700000|0.100000|0.100000|0.250000|160|3|50|1000|0|2.133850e-03|5.948896e-03|2.764868e-03|2.401611e-02|-1.705975e-02|2.251523e-02|-9.409637e-03|-1.509495e-02|-1.072256e-02|-1.328831e-02|-1.039812e-02|
0.114000|0.185000|32050|50050|1.700000|0.100000|0.100000|0.250000|160|3|50|1000|10|1.041771e-03|-3.956205e-03|-4.277972e-03|7.248466e-03|2.762945e-03|-9.477665e-03|-2.429489e-02|8.787684e-03|7.994479e-04|6.951789e-03|-1.189060e-02|
0.119000|0.235000|24150|50050|1.700000|0.100000|0.100000|0.250000|160|3|50|1000|100|1.670219e-03|-1.222138e-02|1.358576e-02|-1.326683e-02|8.680789e-03|1.214294e-02|-9.611409e-03|7.928391e-03|-2.003846e-02|-8.116678e-03|-1.774286e-02|
0.214000|0.221000|48350|50050|1.700000|0.100000|0.100000|0.000000|160|3|50|1000|0|4.853758e-10|-1.899235e-06|5.089554e-06|9.108788e-07|-2.799082e-08|1.122207e-05|-1.170022e-05|-8.318061e-06|2.503178e-06|-3.481364e-06|-1.022881e-05|
0.197000|0.201000|48350|50050|1.700000|0.100000|0.100000|0.000000|160|3|50|1000|10|1.055209e-09|5.440567e-06|1.169601e-05|4.347852e-06|1.023439e-06|3.913069e-06|-1.208957e-05|1.056106e-05|-2.249728e-05|-1.914475e-06|9.276995e-06|
0.200000|0.207000|48350|50050|1.700000|0.100000|0.100000|0.000000|160|3|50|1000|100|2.739318e-10|7.942538e-06|6.735673e-07|5.690798e-06|-4.657888e-06|-9.619722e-06|1.775141e-06|3.771499e-06|3.393299e-06|-7.857061e-07|-5.853797e-06|
0.164000|0.191000|42750|50050|1.700000|0.100000|0.100000|0.100000|60|3|50|1000|0|3.161523e-01|1.824246e-02|-8.036076e-02|2.776691e-01|5.068470e-02|-3.667357e-01|-1.814088e-01|2.440110e-01|-1.802424e-02|-4.175399e-02|-2.605370e-02|
0.157000|0.196000|39550|50050|1.700000|0.100000|0.100000|0.100000|60|3|50|1000|10|3.548348e-01|-2.233452e-01|-1.681613e-01|1.825933e-01|6.397859e-02|2.382062e-01|3.844321e-02|1.768282e-01|3.327063e-01|-1.378072e-01|1.416593e-01|
0.256000|0.269000|48400|50050|1.700000|0.100000|0.100000|0.100000|60|3|50|1000|100|3.643550e-01|4.308339e-01|3.390003e-01|1.116586e-03|-6.390635e-03|-1.205834e-01|6.059043e-02|1.049526e-01|-1.152946e-01|1.455685e-01|8.010307e-03|
0.416000|0.436000|45400|50050|1.700000|0.100000|0.100000|0.100000|100|3|50|1000|0|1.726969e-03|2.154611e-02|-1.333783e-02|7.401736e-03|-1.408292e-02|7.291591e-03|-4.346875e-03|1.155086e-02|-4.232173e-03|-2.465480e-02|6.833533e-04|
0.136000|0.171000|39400|50050|1.700000|0.100000|0.100000|0.100000|100|3|50|1000|10|1.499210e-03|1.550147e-03|-2.062993e-02|-1.630166e-02|-1.733937e-02|1.113275e-03|2.126194e-03|-1.321742e-02|-8.916527e-03|-1.167981e-02|1.041311e-02|
0.179000|0.180000|49950|50050|1.700000|0.100000|0.100000|0.100000|100|3|50|1000|100|1.729378e-03|1.167838e-02|-4.053457e-03|-1.409357e-02|2.085530e-02|-1.021142e-02|2.683778e-03|-4.985869e-03|3.996807e-03|-1.990072e-02|-1.986562e-02|
0.171000|0.189000|45900|50050|1.700000|0.100000|0.100000|0.100000|130|3|50|1000|0|1.376377e-05|8.672003e-04|-7.152187e-04|2.143843e-03|-6.707214e-05|1.617840e-03|7.869254e-04|7.243201e-04|-1.015264e-03|3.220783e-04|-1.733160e-03|
0.243000|0.290000|39050|50050|1.700000|0.100000|0.100000|0.100000|130|3|50|1000|10|3.477598e-05|2.149821e-04|2.625323e-03|-1.804280e-03|-6.455777e-04|2.080720e-03|3.668507e-04|-1.385990e-03|7.128724e-04|8.047012e-04|-4.077324e-03|
0.070000|0.177000|19550|50050|1.700000|0.100000|0.100000|0.100000|130|3|50|1000|100|3.033704e-05|5.390825e-04|-1.158130e-06|1.746224e-03|-3.916953e-05|-3.704495e-03|-6.470823e-04|-4.493667e-04|-3.226562e-03|-9.236322e-04|-1.178077e-03|
0.156000|0.214000|36500|50050|1.700000|0.100000|0.100000|0.100000|80|3|50|1000|0|1.646462e-02|-2.748172e-02|-3.312652e-02|-6.210401e-02|3.136741e-02|4.365661e-02|3.895469e-02|-1.865114e-02|5.302600e-02|-2.795288e-02|-4.905947e-02|
0.066000|0.187000|16050|50050|1.700000|0.100000|0.100000|0.100000|80|3|50|1000|10|4.119578e-02|-1.178325e-01|5.737289e-02|-5.816895e-02|-7.156690e-02|-7.211640e-02|-2.425976e-02|-6.055311e-02|2.336835e-03|-4.815241e-02|-6.110704e-02|
0.131000|0.180000|36450|50050|1.700000|0.100000|0.100000|0.100000|80|3|50|1000|100|3.298952e-02|4.356294e-02|-2.602217e-02|9.395482e-02|-2.972936e-02|-3.402562e-02|2.599312e-02|-1.226161e-03|8.919326e-02|-7.949312e-02|6.777769e-02|
0.307000|0.366000|43000|50050|1.700000|0.100000|0.100000|0.100000|40|3|50|1000|0|5.390862e+00|-6.780205e-01|-4.270554e-01|-2.783322e-01|-1.875320e+00|-4.300759e-01|4.939255e-01|-6.186820e-01|-2.268370e-01|2.423989e-01|4.822587e-01|
0.323000|0.333000|47100|50050|1.700000|0.100000|0.100000|0.100000|40|3|50|1000|10|3.416678e+00|4.010399e-01|-2.813111e-02|7.819737e-01|-2.265854e-01|-7.233986e-01|-7.674176e-01|-1.170483e+00|2.780615e-01|1.797044e-01|-1.878062e-02|
0.152000|0.220000|36950|50050|1.700000|0.100000|0.100000|0.100000|40|3|50|1000|100|3.771145e+00|3.855953e-02|-2.628044e-01|4.405479e-01|-2.129257e-01|4.412180e-01|8.285831e-03|-7.933565e-01|9.397076e-01|-1.682865e-01|-1.313638e+00|
0.242000|0.306000|34150|50050|1.700000|0.100000|0.100000|0.100000|30|3|50|1000|0|1.141494e+01|-3.034631e-01|1.104663e+00|-4.168593e-01|7.324019e-01|-7.302885e-01|-8.204902e-01|-1.383371e+00|-8.444437e-01|9.173547e-01|2.171986e+00|
0.256000|0.274000|46450|50050|1.700000|0.100000|0.100000|0.100000|30|3|50|1000|10|2.391489e+01|1.386243e+00|-1.894305e+00|-2.702649e+00|-2.186660e+00|-3.986263e-02|-1.374084e+00|1.143875e+00|9.347920e-01|-1.088068e+00|-1.031094e+00|
0.103000|0.219000|18650|50050|1.700000|0.100000|0.100000|0.100000|30|3|50|1000|100|1.610497e+01|-4.342317e-01|1.603223e-01|9.690093e-01|2.090905e-01|7.016269e-01|-1.908704e+00|2.361314e-01|2.532386e+00|2.659648e-01|2.057453e+00|
0.226000|0.238000|48350|50050|1.700000|0.100000|0.100000|0.100000|160|5|50|1000|0|4.407668e-07|2.326699e-04|1.553771e-04|-1.097779e-05|-5.494192e-05|2.827747e-04|1.583393e-04|-3.709475e-05|-4.309314e-04|-1.136928e-04|-2.330525e-04|
0.171000|0.178000|48250|50050|1.700000|0.100000|0.100000|0.100000|160|5|50|1000|10|1.575172e-07|-1.590844e-04|1.500671e-04|-1.655495e-04|1.196108e-04|6.945481e-05|-2.338267e-04|-4.477979e-05|7.258659e-05|1.434081e-05|-3.157915e-05|
0.487000|0.515000|48350|50050|1.700000|0.100000|0.100000|0.100000|160|5|50|1000|100|2.638760e-07|-1.059554e-04|1.862794e-05|2.188496e-04|1.409445e-04|-9.759371e-05|-9.800181e-05|1.123000e-04|-2.835238e-04|1.541353e-04|-2.205864e-04|
0.233000|0.265000|40300|50050|1.700000|0.100000|0.100000|0.100000|160|2|50|1000|0|1.671375e-06|-2.949008e-05|2.777142e-04|4.399388e-04|-5.329031e-05|-3.020351e-04|5.719838e-04|4.210687e-04|-1.646516e-04|8.115760e-04|3.399106e-04|
0.169000|0.176000|48150|50050|1.700000|0.100000|0.100000|0.100000|160|2|50|1000|10|8.111305e-07|1.965220e-04|7.405607e-04|-2.410083e-04|-1.294742e-04|7.404922e-05|-9.723115e-05|2.656410e-04|-1.506135e-05|-2.085159e-04|1.415021e-04|
0.180000|0.190000|48350|50050|1.700000|0.100000|0.100000|0.100000|160|2|50|1000|100|2.914114e-06|7.869066e-04|-1.893779e-04|-1.080348e-03|4.088188e-04|5.763599e-04|-6.104308e-04|6.493573e-05|-3.346210e-04|1.910287e-04|-2.593202e-04|
0.207000|0.218000|48350|50050|1.700000|0.100000|0.100000|0.100000|160|10|50|1000|0|1.189559e-07|1.242574e-04|-6.881378e-05|-1.755268e-04|-9.344219e-05|-7.635593e-05|1.281691e-04|-9.454118e-05|-7.747752e-05|1.273413e-05|1.479156e-04|
0.188000|0.195000|48300|50050|1.700000|0.100000|0.100000|0.100000|160|10|50|1000|10|9.385620e-08|-3.452839e-05|-1.446335e-04|7.524724e-06|-2.442216e-05|-1.137528e-04|-1.407854e-04|1.358266e-04|-1.189342e-04|7.397920e-05|1.626953e-05|
0.121000|0.183000|32250|50050|1.700000|0.100000|0.100000|0.100000|160|10|50|1000|100|3.895408e-08|-6.123014e-05|-1.632500e-05|-3.753160e-05|-1.333672e-04|6.043616e-05|-2.199284e-05|8.192771e-05|3.970088e-06|6.923395e-05|-9.249082e-06|
0.205000|0.213000|48300|50050|1.700000|0.100000|0.100000|0.100000|160|1|50|1000|0|9.205537e-06|7.095172e-04|2.201646e-04|-2.487492e-04|2.206897e-03|-8.234479e-04|-2.292354e-04|-7.598432e-04|-2.780844e-04|1.511327e-03|2.279466e-04|
0.165000|0.171000|48250|50050|1.700000|0.100000|0.100000|0.100000|160|1|50|1000|10|8.923013e-06|-2.580857e-04|-3.560641e-04|9.527672e-05|-1.274029e-03|-2.676228e-04|1.073480e-03|1.413087e-04|-1.490534e-03|1.151574e-03|1.518430e-03|
0.171000|0.177000|48200|50050|1.700000|0.100000|0.100000|0.100000|160|1|50|1000|100|9.374273e-06|-3.623834e-04|1.847673e-04|2.584714e-04|1.375592e-03|-7.529460e-04|-2.018589e-03|-1.442126e-03|2.881502e-04|-5.359681e-04|-3.976197e-04|
0.103000|0.203000|24150|50050|1.700000|0.100000|0.100000|0.100000|160|20|50|1000|0|3.666896e-08|-3.646316e-05|8.521505e-05|3.154548e-05|-1.019063e-04|6.875368e-05|1.842850e-05|1.341549e-06|8.885175e-05|-1.163911e-05|-5.999339e-05|
0.193000|0.201000|48150|50050|1.700000|0.100000|0.100000|0.100000|160|20|50|1000|10|5.371027e-09|2.874716e-06|3.509594e-05|-3.872380e-05|-3.990424e-05|5.747892e-06|-1.513684e-05|2.040012e-05|-2.852517e-06|-1.609262e-05|-9.680942e-06|
0.208000|0.217000|48350|50050|1.700000|0.100000|0.100000|0.100000|160|20|50|1000|100|1.052668e-08|-2.645025e-05|-4.359467e-05|4.219689e-06|1.634903e-05|-2.780267e-05|2.553028e-05|-5.072420e-05|4.847698e-05|-1.504985e-05|-3.266852e-05|
0.193000|0.201000|48350|50050|1.700000|0.100000|0.100000|0.100000|160|0|50|1000|0|4.853758e-10|-1.899235e-06|5.089554e-06|9.108788e-07|-2.799082e-08|1.122207e-05|-1.170022e-05|-8.318061e-06|2.503178e-06|-3.481364e-06|-1.022881e-05|
0.176000|0.183000|48350|50050|1.700000|0.100000|0.100000|0.100000|160|0|50|1000|10|1.055209e-09|5.440567e-06|1.169601e-05|4.347852e-06|1.023439e-06|3.913069e-06|-1.208957e-05|1.056106e-05|-2.249728e-05|-1.914475e-06|9.276995e-06|
0.168000|0.175000|48350|50050|1.700000|0.100000|0.100000|0.100000|160|0|50|1000|100|2.739318e-10|7.942538e-06|6.735673e-07|5.690798e-06|-4.657888e-06|-9.619722e-06|1.775141e-06|3.771499e-06|3.393299e-06|-7.857061e-07|-5.853797e-06|
0.182000|0.190000|47950|50050|1.700000|0.100000|0.100000|0.100000|160|30|50|1000|0|1.760271e-08|4.669820e-05|2.770294e-05|6.308339e-05|-2.946002e-05|6.446144e-05|-4.676159e-05|-1.158381e-05|5.039386e-05|1.016671e-05|2.623195e-05|
0.383000|0.390000|48350|50050|1.700000|0.100000|0.100000|0.100000|160|30|50|1000|10|8.007933e-09|-1.120508e-06|-1.071516e-05|2.775390e-05|7.338858e-05|-1.860758e-05|-2.731005e-05|1.909951e-05|2.255939e-06|1.599178e-05|4.242845e-06|
0.176000|0.181000|48350|50050|1.700000|0.100000|0.100000|0.100000|160|30|50|1000|100|1.108867e-08|2.453049e-05|-1.965569e-05|4.142523e-05|-2.865347e-05|2.198859e-05|2.454618e-05|-3.302996e-05|5.058500e-05|1.082501e-05|-5.206242e-05|
0.233000|0.242000|47950|50050|1.700000|0.100000|0.100000|0.100000|160|40|50|1000|0|1.760271e-08|4.669820e-05|2.770294e-05|6.308339e-05|-2.946002e-05|6.446144e-05|-4.676159e-05|-1.158381e-05|5.039386e-05|1.016671e-05|2.623195e-05|
0.225000|0.231000|48350|50050|1.700000|0.100000|0.100000|0.100000|160|40|50|1000|10|8.007933e-09|-1.120508e-06|-1.071516e-05|2.775390e-05|7.338858e-05|-1.860758e-05|-2.731005e-05|1.909951e-05|2.255939e-06|1.599178e-05|4.242845e-06|
0.193000|0.198000|48350|50050|1.700000|0.100000|0.100000|0.100000|160|40|50|1000|100|1.108867e-08|2.453049e-05|-1.965569e-05|4.142523e-05|-2.865347e-05|2.198859e-05|2.454618e-05|-3.302996e-05|5.058500e-05|1.082501e-05|-5.206242e-05|
0.205000|0.214000|47950|50050|1.700000|0.100000|0.100000|0.100000|160|50|50|1000|0|1.760271e-08|4.669820e-05|2.770294e-05|6.308339e-05|-2.946002e-05|6.446144e-05|-4.676159e-05|-1.158381e-05|5.039386e-05|1.016671e-05|2.623195e-05|
0.222000|0.227000|48350|50050|1.700000|0.100000|0.100000|0.100000|160|50|50|1000|10|8.007933e-09|-1.120508e-06|-1.071516e-05|2.775390e-05|7.338858e-05|-1.860758e-05|-2.731005e-05|1.909951e-05|2.255939e-06|1.599178e-05|4.242845e-06|
0.190000|0.197000|48350|50050|1.700000|0.100000|0.100000|0.100000|160|50|50|1000|100|1.108867e-08|2.453049e-05|-1.965569e-05|4.142523e-05|-2.865347e-05|2.198859e-05|2.454618e-05|-3.302996e-05|5.058500e-05|1.082501e-05|-5.206242e-05|
0.288000|0.296000|77360|80080|1.700000|0.100000|0.100000|0.100000|160|3|80|1000|0|3.234785e-07|-2.251991e-04|2.194735e-04|-4.420747e-04|-3.094424e-06|7.195742e-05|2.569191e-05|-7.593240e-05|7.215151e-06|1.315980e-04|-1.348404e-05|
0.138000|0.315000|25520|80080|1.700000|0.100000|0.100000|0.100000|160|3|80|1000|10|2.968911e-07|1.776832e-04|5.928033e-05|3.352141e-05|1.832240e-05|9.875426e-05|-7.810239e-05|-4.599088e-04|-8.185508e-05|3.119660e-05|-1.590730e-04|
0.180000|0.324000|50880|80080|1.700000|0.100000|0.100000|0.100000|160|3|80|1000|100|3.186965e-07|1.469068e-04|-4.032276e-05|-2.336306e-04|1.667900e-04|-6.723563e-05|1.011944e-04|-3.948792e-04|-1.735578e-04|-2.137913e-05|1.087056e-04|
0.058000|0.151000|9690|30030|1.700000|0.100000|0.100000|0.100000|160|3|30|1000|0|2.752363e-06|1.005775e-04|4.356775e-04|5.851828e-04|2.659272e-04|4.559395e-06|-1.321887e-03|-2.950143e-04|-1.910784e-04|-4.925823e-04|-1.602781e-04|
0.103000|0.130000|24120|30030|1.700000|0.100000|0.100000|0.100000|160|3|30|1000|10|1.724266e-06|1.680814e-04|-1.047489e-04|-4.817801e-04|3.475699e-04|-5.822256e-04|8.897390e-05|6.690895e-04|6.389982e-04|2.607515e-04|2.474500e-04|
0.139000|0.142000|29010|30030|1.700000|0.100000|0.100000|0.100000|160|3|30|1000|100|7.226405e-07|5.411875e-04|2.850113e-04|2.169779e-04|-4.267212e-04|1.394524e-04|-4.383101e-05|3.675237e-05|8.517431e-05|-2.960887e-04|-4.138478e-05|
0.275000|0.346000|88330|110110|1.700000|0.100000|0.100000|0.100000|160|3|110|1000|0|6.804345e-07|2.611715e-05|1.047792e-04|-1.016908e-04|-2.855805e-04|5.546227e-04|1.905768e-04|1.743783e-04|-1.504887e-05|-4.113418e-04|1.819730e-04|
0.244000|0.413000|53240|110110|1.700000|0.100000|0.100000|0.100000|160|3|110|1000|10|5.180276e-07|1.108602e-05|4.529553e-04|-7.443850e-05|2.402136e-04|-3.544324e-05|2.351508e-04|3.490850e-04|-2.491666e-04|4.374741e-05|-8.415574e-05|
0.353000|0.364000|106150|110110|1.700000|0.100000|0.100000|0.100000|160|3|110|1000|100|4.459300e-07|-3.045364e-05|-1.843309e-05|3.853758e-05|-1.606722e-04|-5.965565e-05|-6.020442e-06|-6.075994e-04|4.751050e-05|1.741867e-04|-1.095072e-04|
0.119000|0.122000|19320|20020|1.700000|0.100000|0.100000|0.100000|160|3|20|1000|0|1.915365e-06|1.720369e-04|2.869292e-04|7.596594e-04|-8.435374e-04|-5.355297e-04|-6.917569e-07|-8.056894e-05|-4.537628e-04|3.275257e-05|1.206027e-04|
0.076000|0.113000|12900|20020|1.700000|0.100000|0.100000|0.100000|160|3|20|1000|10|1.565256e-06|-9.230420e-04|-5.310808e-04|4.688560e-04|-9.830262e-05|2.116999e-05|-1.851791e-04|2.133302e-04|3.189193e-04|9.747463e-05|1.012597e-04|
0.099000|0.103000|19320|20020|1.700000|0.100000|0.100000|0.100000|160|3|20|1000|100|1.286490e-05|6.526751e-04|1.217174e-03|7.443271e-04|-3.273588e-04|-5.001356e-04|2.679631e-03|-1.527298e-03|6.394595e-04|-3.993413e-05|-3.500210e-04|
0.390000|0.476000|120900|150150|1.700000|0.100000|0.100000|0.100000|160|3|150|1000|0|9.324847e-08|1.127102e-05|-1.965307e-04|-7.082287e-05|-2.848849e-05|-5.712425e-05|5.785049e-05|-5.262841e-05|1.538530e-04|9.498770e-05|8.121971e-05|
0.478000|0.691000|120900|150150|1.700000|0.100000|0.100000|0.100000|160|3|150|1000|10|2.329611e-07|-2.290949e-04|-3.284472e-05|2.430927e-04|-2.474987e-04|2.406108e-05|-4.412098e-05|1.992902e-04|-1.572966e-06|1.128065e-04|6.386130e-05|
0.926000|1.289000|96600|150150|1.700000|0.100000|0.100000|0.100000|160|3|150|1000|100|2.774836e-07|1.282625e-04|-1.744185e-04|1.304216e-04|8.247888e-05|9.945853e-05|-5.992051e-05|1.661516e-04|1.446193e-04|3.756426e-04|6.072055e-05|
0.199000|0.204000|9670|10010|1.700000|0.100000|0.100000|0.100000|160|3|10|1000|0|1.749722e-05|1.866621e-03|1.296889e-04|5.035690e-04|-7.169776e-04|2.411011e-03|1.718939e-03|1.157055e-03|7.829087e-04|-6.412653e-04|1.448387e-03|
0.094000|0.116000|8050|10010|1.700000|0.100000|0.100000|0.100000|160|3|10|1000|10|3.756418e-05|7.028907e-04|3.828949e-04|-5.161075e-04|3.106076e-03|-2.746647e-03|-4.230318e-04|1.200850e-03|-3.233517e-03|8.310449e-06|-2.718211e-03|
0.210000|0.217000|9670|10010|1.700000|0.100000|0.100000|0.100000|160|3|10|1000|100|1.070205e-04|-6.535202e-04|3.137944e-03|-6.093934e-03|1.462459e-03|1.254965e-03|4.465988e-04|-1.998306e-04|5.852132e-03|-1.910850e-03|4.214116e-03|
1.146000|1.348000|161200|200200|1.700000|0.100000|0.100000|0.100000|160|3|200|1000|0|1.158209e-07|-6.588086e-07|-3.108490e-05|9.220609e-05|-1.780289e-04|1.315281e-05|-1.309506e-04|2.068590e-04|-5.077902e-05|9.770591e-05|-4.920683e-05|
0.511000|1.131000|95800|200200|1.700000|0.100000|0.100000|0.100000|160|3|200|1000|10|1.379386e-07|-2.988599e-05|8.780551e-05|-2.699996e-04|7.517056e-05|4.973105e-05|-4.382211e-05|-1.534755e-04|-1.488440e-04|-2.612317e-05|1.455374e-07|
0.512000|0.724000|128800|200200|1.700000|0.100000|0.100000|0.100000|160|3|200|1000|100|1.879904e-07|1.562830e-04|2.719776e-04|6.552616e-05|-1.291695e-04|-1.408220e-04|1.376919e-04|-2.169668e-05|-1.486373e-04|7.901089e-05|-3.192834e-05|
1.047000|1.246000|241800|300300|1.700000|0.100000|0.100000|0.100000|160|3|300|1000|0|6.725122e-08|-5.076033e-05|-8.286498e-06|5.911420e-05|1.009716e-04|4.331729e-05|1.266958e-04|1.052163e-04|1.304137e-04|8.724521e-06|6.952451e-05|
0.901000|0.937000|290100|300300|1.700000|0.100000|0.100000|0.100000|160|3|300|1000|10|1.363158e-07|8.418165e-05|4.736364e-05|2.833275e-04|-1.231640e-04|-3.468321e-05|-5.173010e-05|6.675570e-05|-1.434197e-04|2.729574e-05|-4.350337e-05|
0.761000|1.067000|193200|300300|1.700000|0.100000|0.100000|0.100000|160|3|300|1000|100|1.890950e-07|9.851810e-05|-1.161319e-05|-9.226367e-05|2.930715e-05|1.890171e-04|-2.069808e-04|-1.267043e-04|1.620769e-04|9.950174e-05|-1.977140e-04|
0.101000|0.103000|24150|25050|1.700000|0.100000|0.100000|0.100000|160|3|50|500|0|1.557804e-06|1.332708e-04|3.284425e-04|-6.966433e-04|1.833079e-04|1.076264e-04|-1.826243e-04|-5.937921e-04|-4.257345e-04|-4.631727e-04|-3.463407e-04|
0.061000|0.095000|16150|25050|1.700000|0.100000|0.100000|0.100000|160|3|50|500|10|3.518929e-06|2.913844e-04|-1.144868e-03|-1.559956e-04|3.462255e-04|-8.154258e-04|-5.362026e-04|-8.810042e-04|4.528282e-04|1.951721e-04|-8.572701e-05|
0.084000|0.087000|24200|25050|1.700000|0.100000|0.100000|0.100000|160|3|50|500|100|1.322063e-06|6.612758e-04|-1.025364e-04|-5.195186e-04|-8.068036e-05|4.447951e-04|2.985080e-04|-1.544293e-04|-3.722833e-04|-3.319155e-04|1.956885e-04|
0.298000|0.305000|72300|75050|1.700000|0.100000|0.100000|0.100000|160|3|50|1500|0|2.358597e-07|-4.078662e-05|1.144911e-04|-9.938121e-06|-7.579135e-05|-3.079345e-04|2.338031e-04|2.133405e-04|-4.660000e-05|-1.280388e-04|-4.095854e-05|
0.182000|0.287000|48300|75050|1.700000|0.100000|0.100000|0.100000|160|3|50|1500|10|2.571312e-07|-2.799575e-05|-3.134986e-05|-2.159847e-04|2.014181e-05|-2.157069e-04|-1.641396e-04|-1.543217e-04|8.007653e-05|1.128345e-04|-3.031158e-04|
0.214000|0.284000|56400|75050|1.700000|0.100000|0.100000|0.100000|160|3|50|1500|100|5.993208e-07|2.197703e-04|3.800153e-04|-2.792145e-04|-1.974037e-04|-2.198528e-04|-7.895241e-05|-1.121515e-04|6.368229e-05|-3.159549e-04|-3.444585e-04|
