0.223000|0.229000|48350|50050|1.700000|0.100000|0.100000|0.100000|160|3|50|1000|0|3.130435e-04|7.976257e-05|1.460989e-04|8.632844e-05|-1.203771e-04|2.227409e-05|2.522500e-05|-5.111984e-05|-5.031084e-05|3.065817e-05|6.521775e-05|
0.165000|0.170000|48250|50050|1.700000|0.100000|0.100000|0.100000|160|3|50|1000|10|3.358872e-04|1.402705e-04|1.122607e-04|9.479267e-05|3.717647e-05|-5.499658e-05|1.023479e-04|-6.165322e-05|-9.096098e-05|4.619686e-05|-7.111667e-07|
0.230000|0.236000|48350|50050|1.700000|0.100000|0.100000|0.100000|160|3|50|1000|100|4.975185e-04|1.659344e-04|-4.778986e-05|1.513199e-04|1.457633e-04|-3.463553e-05|-6.833735e-05|2.812923e-05|2.121724e-04|1.290287e-04|-1.091032e-04|
0.076000|0.154000|24150|50050|1.750000|0.100000|0.100000|0.100000|160|3|50|1000|0|3.577856e-03|-5.428427e-04|7.869504e-05|7.322191e-04|6.182261e-04|1.528830e-03|1.846185e-04|1.176629e-03|-8.557232e-05|-1.655451e-03|3.044183e-04|
0.153000|0.159000|48350|50050|1.750000|0.100000|0.100000|0.100000|160|3|50|1000|10|1.708094e-03|5.486840e-04|1.009590e-04|-6.540344e-04|1.964119e-04|-4.304345e-04|-6.861163e-04|1.648490e-04|5.383149e-04|-4.212854e-05|2.251634e-04|
0.454000|0.459000|48300|50050|1.750000|0.100000|0.100000|0.100000|160|3|50|1000|100|1.535356e-03|2.980871e-05|-4.045974e-04|6.478937e-04|-5.653632e-04|-5.397907e-05|-1.124548e-04|-1.521354e-04|5.776066e-04|3.901363e-04|1.729845e-04|
0.440000|0.446000|48350|50050|1.600000|0.100000|0.100000|0.100000|160|3|50|1000|0|5.847470e-06|-2.886420e-06|-7.991528e-08|-8.174294e-07|-1.136574e-06|4.710873e-07|2.761254e-06|-1.759434e-06|2.488516e-07|-2.547123e-07|5.547785e-08|
0.168000|0.173000|48350|50050|1.600000|0.100000|0.100000|0.100000|160|3|50|1000|10|4.897987e-06|1.102741e-06|-1.263957e-06|1.895699e-07|-9.858765e-07|-1.990435e-06|-2.582348e-06|1.024394e-07|-3.740755e-07|-5.431666e-07|-3.100194e-07|
0.242000|0.251000|48300|50050|1.600000|0.100000|0.100000|0.100000|160|3|50|1000|100|4.611822e-06|9.133901e-07|-1.060962e-06|-9.178461e-07|5.421760e-08|-8.368308e-07|8.790344e-07|-9.508736e-07|-9.692797e-07|1.004008e-06|-2.482473e-06|
0.387000|0.407000|48350|50050|1.500000|0.100000|0.100000|0.100000|160|3|50|1000|0|5.817672e-08|9.218503e-09|-2.434317e-09|-5.096293e-09|8.462212e-09|1.151068e-08|-8.778449e-09|-1.810554e-08|3.163765e-09|2.851008e-08|-2.380424e-08|
0.293000|0.301000|48300|50050|1.500000|0.100000|0.100000|0.100000|160|3|50|1000|10|9.254452e-08|1.306073e-08|-2.182183e-08|3.545106e-08|-2.573067e-08|3.594100e-08|1.669545e-08|-1.244896e-08|9.414748e-09|3.070907e-08|-5.479729e-09|
0.270000|0.275000|48350|50050|1.500000|0.100000|0.100000|0.100000|160|3|50|1000|100|1.892670e-07|-6.780751e-08|-4.502763e-08|2.797447e-08|1.529960e-08|-4.805099e-08|3.754785e-08|1.822439e-08|7.173296e-08|4.712885e-08|5.769838e-08|
0.146000|0.151000|48350|50050|1.350000|0.100000|0.100000|0.100000|160|3|50|1000|0|9.821830e-03|1.993576e-04|4.742978e-04|-5.585144e-03|2.375440e-06|-4.710259e-03|1.473550e-03|-2.410342e-04|-4.100178e-05|-8.764298e-04|-4.427375e-05|
0.160000|0.168000|48350|50050|1.350000|0.100000|0.100000|0.100000|160|3|50|1000|10|7.249690e-08|-9.500783e-09|2.131931e-08|-1.682555e-08|-8.266571e-09|-3.597648e-08|9.422135e-09|2.628104e-08|-1.250622e-08|-9.500424e-09|-8.259529e-09|
0.161000|0.166000|48350|50050|1.350000|0.100000|0.100000|0.100000|160|3|50|1000|100|1.378519e-05|6.705560e-06|2.433115e-07|-7.693804e-07|8.812768e-07|3.207274e-06|-8.233215e-08|-1.485793e-07|5.712098e-06|-1.301601e-06|-5.265807e-06|
0.240000|0.245000|48350|50050|1.200000|0.100000|0.100000|0.100000|160|3|50|1000|0|4.011128e-04|2.453978e-06|1.427567e-04|-1.163289e-04|9.750182e-05|7.127785e-05|6.731720e-05|-1.595032e-04|1.463954e-04|1.949414e-05|-6.119545e-08|
0.146000|0.173000|41750|50050|1.200000|0.100000|0.100000|0.100000|160|3|50|1000|10|2.217955e+00|-3.271019e-02|7.370190e-03|9.986044e-01|3.258342e-03|-1.586293e-02|-1.729815e-02|-8.894928e-03|-9.224453e-01|9.277191e-01|-1.885173e-01|
0.150000|0.155000|48350|50050|1.200000|0.100000|0.100000|0.100000|160|3|50|1000|100|7.146776e-04|-2.580343e-04|1.766945e-04|-1.128054e-04|-1.834534e-04|1.587699e-04|1.879609e-04|4.909618e-05|3.203049e-04|8.699363e-05|-2.059607e-05|
0.018000|0.147000|5800|50050|2.000000|0.100000|0.100000|0.100000|160|3|50|1000|0|4.033134e+00|-1.323913e+00|-3.525982e-01|5.559033e-01|5.974871e-01|1.714307e-01|8.697532e-01|-9.758597e-02|-1.064059e+00|1.315508e-01|7.476778e-03|
0.146000|0.151000|48300|50050|2.000000|0.100000|0.100000|0.100000|160|3|50|1000|10|4.083902e+00|-6.295168e-01|-2.722578e-01|-2.726734e-01|2.789821e-01|-1.527240e-01|-1.324516e+00|4.129034e-01|4.797663e-01|-7.068551e-01|-3.268749e-02|
0.122000|0.156000|39850|50050|2.000000|0.100000|0.100000|0.100000|160|3|50|1000|100|4.064593e+00|-8.742190e-01|1.127160e+00|-1.030865e+00|4.937219e-01|2.275360e-01|1.035686e+00|-9.564972e-01|-2.878394e-01|-1.056474e+00|-8.936058e-02|
0.126000|0.156000|40300|50050|1.700000|0.200000|0.100000|0.100000|160|3|50|1000|0|3.085525e-04|7.644533e-05|2.118290e-06|-7.151503e-05|-4.672570e-05|-1.479792e-04|-1.071101e-04|-5.511997e-05|-7.873657e-05|5.457211e-05|-2.547026e-05|
0.098000|0.154000|32100|50050|1.700000|0.200000|0.100000|0.100000|160|3|50|1000|10|1.412461e-04|-3.882421e-05|-4.087857e-05|-3.598527e-05|2.422250e-05|6.204936e-06|5.946572e-05|3.954988e-05|-3.444496e-05|6.982161e-06|-3.198765e-05|
0.108000|0.163000|32150|50050|1.700000|0.200000|0.100000|0.100000|160|3|50|1000|100|2.063184e-04|2.209415e-05|6.831776e-05|-5.612473e-05|-7.419026e-06|5.627826e-05|-7.423559e-05|8.596444e-05|-2.622251e-05|-3.406858e-05|1.706588e-05|
0.189000|0.242000|32250|50050|1.700000|0.050000|0.100000|0.100000|160|3|50|1000|0|5.784657e-04|-1.920359e-04|1.004569e-04|-1.840585e-04|1.692503e-04|2.468892e-04|-1.302763e-04|8.915623e-05|5.855867e-05|-9.760508e-05|3.759752e-06|
0.121000|0.151000|39950|50050|1.700000|0.050000|0.100000|0.100000|160|3|50|1000|10|3.671166e-04|-5.537613e-08|-5.419232e-05|-9.894816e-05|-3.326761e-05|1.388233e-04|-1.179704e-04|-1.535796e-04|-3.386595e-05|-6.382552e-05|-9.054478e-05|
0.120000|0.149000|40300|50050|1.700000|0.050000|0.100000|0.100000|160|3|50|1000|100|5.832714e-04|-1.026209e-04|3.652491e-06|1.568104e-04|-7.860372e-05|-1.377052e-04|8.362873e-05|1.042717e-04|-3.047929e-04|3.093642e-05|1.995232e-04|
0.142000|0.147000|48350|50050|1.700000|0.300000|0.100000|0.100000|160|3|50|1000|0|2.912214e-04|5.960732e-05|-1.239984e-04|2.218681e-05|6.406050e-05|4.517706e-05|4.354236e-05|-1.370531e-05|-3.715521e-05|-1.060331e-04|-1.123867e-04|
0.117000|0.145000|40050|50050|1.700000|0.300000|0.100000|0.100000|160|3|50|1000|10|2.464092e-04|7.257822e-05|-2.234849e-05|-3.383926e-05|1.532324e-04|2.899154e-05|-2.951722e-05|-7.013173e-05|-2.414536e-05|1.450067e-05|8.395783e-06|
0.076000|0.153000|24200|50050|1.700000|0.300000|0.100000|0.100000|160|3|50|1000|100|2.525066e-04|2.191624e-05|1.527569e-04|-2.685605e-05|1.028321e-04|1.966474e-06|2.035247e-05|5.449813e-05|2.294744e-05|1.332563e-05|2.408150e-05|
0.157000|0.163000|48250|50050|1.700000|0.010000|0.100000|0.100000|160|3|50|1000|0|9.370197e-04|-5.236266e-05|-4.179045e-04|-3.691278e-05|-2.249376e-04|-5.168334e-05|4.489365e-04|1.767882e-04|2.606576e-05|2.379510e-04|-1.524544e-04|
0.127000|0.158000|40250|50050|1.700000|0.010000|0.100000|0.100000|160|3|50|1000|10|1.200136e-03|4.613703e-04|1.338255e-04|-2.433342e-04|4.049802e-04|5.621858e-04|-1.901993e-04|2.517600e-04|1.295881e-05|-1.356540e-04|7.006489e-05|
0.154000|0.161000|47850|50050|1.700000|0.010000|0.100000|0.100000|160|3|50|1000|100|7.105382e-04|2.575591e-04|-1.378177e-04|-1.736145e-05|2.152210e-04|2.186427e-04|1.369134e-04|8.171455e-05|-2.833757e-04|-1.633167e-04|-4.362750e-05|
0.145000|0.152000|48100|50050|1.700000|0.500000|0.100000|0.100000|160|3|50|1000|0|4.249713e-04|9.909605e-05|3.247961e-05|-1.092793e-04|8.606017e-06|-1.267388e-04|-8.175984e-05|-3.867245e-06|-1.740117e-04|1.057812e-04|-1.594807e-04|
0.118000|0.146000|40200|50050|1.700000|0.500000|0.100000|0.100000|160|3|50|1000|10|2.264418e-04|8.541891e-05|-1.056074e-04|1.949590e-05|5.918386e-05|-1.038255e-06|1.072585e-05|7.986280e-05|-5.550313e-06|1.978950e-05|5.244473e-05|
0.145000|0.151000|48350|50050|1.700000|0.500000|0.100000|0.100000|160|3|50|1000|100|4.429248e-04|-2.744619e-05|-1.436762e-04|-1.646249e-04|1.885177e-05|-7.620086e-05|-1.519728e-04|-2.925892e-05|8.680384e-05|3.360339e-05|1.870251e-04|
0.173000|0.215000|40300|50050|1.700000|0.000000|0.100000|0.100000|160|3|50|1000|0|1.349092e-03|-3.440841e-04|-4.284879e-04|3.706609e-06|-3.911776e-04|-1.558934e-04|-3.725203e-04|-2.653161e-04|-2.119852e-04|-6.194465e-04|-1.013863e-04|
0.157000|0.163000|48300|50050|1.700000|0.000000|0.100000|0.100000|160|3|50|1000|10|1.485960e-03|-4.475382e-04|-8.033246e-04|-3.532130e-04|-5.009025e-05|-2.010491e-04|2.071524e-04|-2.643477e-04|-1.362935e-04|9.016370e-06|4.709599e-04|
0.171000|0.179000|48050|50050|1.700000|0.000000|0.100000|0.100000|160|3|50|1000|100|1.518501e-03|-1.202324e-04|4.966896e-04|-2.075046e-04|-4.764485e-04|5.821242e-04|4.857578e-04|3.265230e-04|1.920675e-04|-2.155912e-04|-3.615691e-04|
0.131000|0.165000|39650|50050|1.700000|0.700000|0.100000|0.100000|160|3|50|1000|0|1.157795e-03|1.539000e-04|2.030839e-04|3.181874e-04|-6.851666e-05|-3.666505e-04|-5.540192e-04|2.384383e-04|2.323849e-04|-5.807404e-05|-3.239539e-04|
0.134000|0.165000|40250|50050|1.700000|0.700000|0.100000|0.100000|160|3|50|1000|10|7.455956e-04|-2.445292e-04|8.526658e-06|-1.252308e-04|8.938612e-05|6.119370e-05|-1.903395e-04|3.122146e-04|6.994413e-05|3.424906e-04|-5.047757e-05|
0.083000|0.182000|24150|50050|1.700000|0.700000|0.100000|0.100000|160|3|50|1000|100|6.958337e-04|2.122985e-04|-2.121751e-04|2.668492e-04|2.327480e-04|-7.804956e-05|9.630332e-05|-1.822493e-04|-1.160180e-04|-1.101080e-04|-1.076461e-04|
0.033000|0.181000|8100|50050|1.700000|1.000000|0.100000|0.100000|160|3|50|1000|0|1.718670e-03|3.693988e-04|2.668173e-05|8.283232e-04|-2.830790e-04|7.457061e-05|-9.509351e-05|6.674372e-04|-4.098263e-04|2.904650e-04|4.577035e-04|
0.063000|0.190000|16150|50050|1.700000|1.000000|0.100000|0.100000|160|3|50|1000|10|2.103866e-03|-1.847829e-04|-2.539699e-04|-4.623547e-04|4.406369e-04|8.854643e-04|-4.630491e-04|-5.617832e-04|-3.561797e-04|8.311866e-05|8.797246e-04|
0.144000|0.175000|40300|50050|1.700000|1.000000|0.100000|0.100000|160|3|50|1000|100|1.178565e-03|1.642460e-04|-2.040755e-04|5.709076e-04|5.074929e-05|-5.375462e-04|1.066021e-04|2.142929e-04|-5.107119e-05|2.626589e-04|-2.154420e-04|
0.028000|0.175000|8100|50050|1.700000|1.200000|0.100000|0.100000|160|3|50|1000|0|2.854335e-03|-1.189867e-03|-1.958758e-04|-8.703297e-04|7.050896e-04|-4.793377e-04|6.378976e-04|3.807489e-04|-1.108604e-03|-5.200704e-04|-8.719591e-05|
0.054000|0.190000|8100|50050|1.700000|1.200000|0.100000|0.100000|160|3|50|1000|10|4.404216e-03|6.004484e-04|1.005587e-03|-8.103425e-05|9.132583e-04|-1.173331e-03|-4.734735e-04|3.400536e-04|-2.449000e-03|1.295204e-03|4.198329e-04|
0.032000|0.173000|8000|50050|1.700000|1.200000|0.100000|0.100000|160|3|50|1000|100|3.511517e-03|1.889490e-03|-8.331996e-05|1.823945e-04|-2.175984e-04|-4.520751e-04|-3.077767e-04|-2.200541e-04|-1.747217e-03|5.704368e-05|-6.858488e-04|
0.032000|0.174000|7950|50050|1.700000|1.500000|0.100000|0.100000|160|3|50|1000|0|9.078928e-03|7.693582e-04|1.254026e-04|-2.982558e-03|1.250463e-03|-1.974503e-03|-3.225387e-03|-4.231490e-03|-2.138202e-03|-6.095226e-05|8.778059e-04|
0.145000|0.179000|40200|50050|1.700000|1.500000|0.100000|0.100000|160|3|50|1000|10|1.865276e-02|-4.213074e-03|-6.070714e-03|1.357882e-03|-7.291458e-04|5.516458e-03|-3.147456e-06|-3.169626e-03|-4.887757e-03|-6.558882e-04|8.500429e-03|
0.135000|0.170000|39300|50050|1.700000|1.500000|0.100000|0.100000|160|3|50|1000|100|2.856458e-02|-1.221692e-03|-6.290728e-03|-3.892007e-03|-3.709827e-03|1.365907e-02|-4.342352e-03|-2.618707e-03|-1.251705e-03|1.189039e-02|-2.469430e-03|
0.110000|0.178000|32100|50050|1.700000|0.100000|0.200000|0.100000|160|3|50|1000|0|2.337872e-04|-5.900554e-05|-1.107169e-04|-4.430163e-05|-2.527684e-05|-4.068663e-05|-5.477639e-05|-4.146707e-05|-1.541780e-05|9.206247e-05|2.602277e-05|
0.145000|0.230000|32250|50050|1.700000|0.100000|0.200000|0.100000|160|3|50|1000|10|2.347844e-04|6.517092e-05|-1.796834e-05|-8.745683e-06|6.451336e-05|4.688252e-06|9.637869e-06|-7.845268e-05|4.310144e-05|1.163053e-04|6.273489e-05|
0.366000|0.377000|47650|50050|1.700000|0.100000|0.200000|0.100000|160|3|50|1000|100|4.019636e-04|-4.232043e-05|9.272761e-05|-1.615788e-04|-9.699695e-05|8.057602e-05|2.605762e-05|-2.831258e-05|-1.086830e-04|1.479716e-04|1.145805e-04|
0.177000|0.236000|32000|50050|1.700000|0.100000|0.050000|0.100000|160|3|50|1000|0|5.079393e-04|1.216136e-05|1.710074e-04|-2.266031e-05|7.320838e-05|2.307928e-04|-1.450498e-04|-1.766595e-04|-6.920862e-05|-9.793340e-05|-7.449819e-05|
0.171000|0.178000|47900|50050|1.700000|0.100000|0.050000|0.100000|160|3|50|1000|10|5.323602e-04|1.355575e-05|-1.713373e-04|5.871938e-07|-1.142193e-04|-2.775771e-04|1.676356e-04|-8.881570e-05|-1.030179e-05|-1.242803e-04|-7.298857e-05|
0.159000|0.204000|40300|50050|1.700000|0.100000|0.050000|0.100000|160|3|50|1000|100|6.854117e-04|1.675677e-05|-2.821392e-04|1.360117e-04|1.959221e-05|-2.344873e-04|-2.073640e-04|1.959308e-04|-9.267764e-05|-1.603332e-04|1.511650e-04|
0.254000|0.260000|48200|50050|1.700000|0.100000|0.300000|0.100000|160|3|50|1000|0|1.703135e-04|-2.591388e-05|-9.823135e-07|2.157585e-05|-6.932632e-05|4.050747e-05|-8.404160e-05|3.095453e-05|3.593315e-05|2.665219e-05|2.238188e-05|
0.508000|0.544000|40300|50050|1.700000|0.100000|0.300000|0.100000|160|3|50|1000|10|2.200353e-04|-6.489888e-05|-2.656169e-05|4.655989e-05|-5.769824e-05|-4.281189e-05|-5.578675e-05|1.535790e-05|6.147641e-06|3.362853e-05|1.159811e-04|
0.628000|1.010000|48250|50050|1.700000|0.100000|0.300000|0.100000|160|3|50|1000|100|3.559088e-04|1.139563e-04|-1.229679e-04|-4.908815e-05|-1.518687e-04|-3.075375e-05|2.423727e-05|-1.331258e-05|7.139486e-05|-1.156164e-04|-7.229577e-05|
0.228000|0.261000|40000|50050|1.700000|0.100000|0.010000|0.100000|160|3|50|1000|0|2.296080e-03|4.831254e-04|-2.513954e-04|6.962378e-04|-4.475471e-04|1.164553e-05|1.453399e-04|1.290454e-03|6.629432e-04|-3.563681e-04|1.043584e-04|
0.154000|0.159000|48350|50050|1.700000|0.100000|0.010000|0.100000|160|3|50|1000|10|1.470036e-03|-5.322449e-04|3.264798e-04|-2.160573e-04|5.972948e-04|5.671574e-04|-1.522993e-04|-6.763873e-05|-1.225415e-04|3.463108e-04|2.446850e-04|
1.227000|1.258000|39950|50050|1.700000|0.100000|0.010000|0.100000|160|3|50|1000|100|2.380892e-03|2.002093e-05|-3.893261e-04|7.274502e-04|-9.344198e-04|-3.915607e-04|-4.279746e-04|-1.027601e-03|-6.395590e-04|2.515213e-04|2.622888e-04|
0.449000|0.455000|48350|50050|1.700000|0.100000|0.400000|0.100000|160|3|50|1000|0|3.329191e-04|-6.190185e-05|-5.118642e-05|-7.523439e-05|-2.736804e-05|-5.932480e-05|9.643756e-05|1.355539e-04|6.250371e-05|-6.819666e-05|1.284748e-04|
0.166000|0.171000|48350|50050|1.700000|0.100000|0.400000|0.100000|160|3|50|1000|10|4.419252e-04|2.113713e-05|1.176824e-04|1.390881e-04|6.542127e-05|-1.716792e-05|2.635613e-04|-1.382872e-05|-3.265175e-05|7.550096e-05|-8.405326e-05|
0.158000|0.164000|48350|50050|1.700000|0.100000|0.400000|0.100000|160|3|50|1000|100|1.687797e-04|1.887030e-05|6.562802e-06|-4.037939e-05|6.336307e-05|3.123450e-05|-6.440305e-05|-2.651759e-05|2.872849e-05|4.924884e-05|5.159747e-05|
0.153000|0.158000|48350|50050|1.700000|0.100000|0.000000|0.100000|160|3|50|1000|0|2.446183e-03|-6.983551e-04|-2.541930e-04|1.251723e-03|2.579548e-05|5.592199e-04|7.764456e-04|6.336316e-04|1.333697e-05|4.930628e-04|5.539261e-06|
1.488000|2.141000|39900|50050|1.700000|0.100000|0.000000|0.100000|160|3|50|1000|10|5.153925e-03|1.831988e-03|-2.492928e-04|2.395095e-04|3.310715e-05|1.470383e-03|-8.235730e-04|-1.347783e-03|1.779383e-03|-2.044343e-03|-7.592141e-04|
0.189000|0.194000|48350|50050|1.700000|0.100000|0.000000|0.100000|160|3|50|1000|100|2.959387e-03|5.385526e-04|4.315851e-05|-1.445176e-03|1.060118e-03|3.928397e-04|2.769438e-04|6.101335e-05|-3.261173e-04|1.117371e-03|5.240051e-04|
0.171000|0.177000|48150|50050|1.700000|0.100000|1.000000|0.100000|160|3|50|1000|0|2.961364e-03|2.477413e-04|6.194099e-04|9.321021e-04|-4.181740e-04|3.504348e-04|7.059748e-04|-1.556435e-03|4.860474e-04|7.786708e-04|-2.434022e-05|
0.175000|0.180000|48250|50050|1.700000|0.100000|1.000000|0.100000|160|3|50|1000|10|3.835101e-03|1.134832e-03|-4.410196e-04|-6.972455e-04|-1.219315e-03|7.552391e-04|5.479499e-04|-6.708513e-04|-8.267064e-04|-1.847361e-03|-3.048957e-04|
0.109000|0.172000|32250|50050|1.700000|0.100000|1.000000|0.100000|160|3|50|1000|100|3.893486e-03|8.721159e-04|2.204728e-04|1.355824e-03|6.158112e-05|1.447002e-03|-1.447576e-03|1.406306e-03|-3.624194e-04|2.234801e-04|-4.869325e-04|
0.164000|0.169000|48300|50050|1.700000|0.100000|1.200000|0.100000|160|3|50|1000|0|7.784745e-03|1.682614e-03|-1.643873e-03|4.015162e-03|-1.447976e-03|1.102666e-03|-1.685602e-04|3.893650e-05|-7.037320e-04|8.872294e-04|-3.122874e-03|
0.174000|0.185000|48200|50050|1.700000|0.100000|1.200000|0.100000|160|3|50|1000|10|7.175984e-03|-2.422585e-03|-1.454929e-03|-2.968614e-05|-1.826504e-04|-6.890740e-04|-1.569080e-04|3.951193e-03|-1.032673e-03|3.640099e-04|-2.324358e-03|
0.177000|0.183000|48350|50050|1.700000|0.100000|1.200000|0.100000|160|3|50|1000|100|6.679091e-03|-2.001410e-04|3.558722e-03|-2.216163e-03|-6.614972e-04|-1.357335e-03|4.352408e-04|1.101671e-03|-6.837585e-04|-1.936783e-03|1.090414e-03|
0.140000|0.174000|39400|50050|1.700000|0.100000|1.600000|0.100000|160|3|50|1000|0|1.984068e-01|-5.790466e-02|-1.661273e-02|4.389879e-02|-2.348049e-02|-2.049224e-02|-6.816739e-02|9.241311e-03|-1.338811e-02|-1.151907e-03|1.781136e-02|
0.136000|0.167000|39950|50050|1.700000|0.100000|1.600000|0.100000|160|3|50|1000|10|7.610156e-02|2.810891e-02|1.184735e-02|5.479893e-03|7.150177e-03|2.025742e-02|1.312803e-02|-7.961295e-03|1.416575e-02|-2.043003e-02|-1.420051e-02|
0.158000|0.165000|48350|50050|1.700000|0.100000|1.600000|0.100000|160|3|50|1000|100|1.200379e-01|4.180030e-03|2.634219e-02|2.145250e-02|-4.591632e-02|-5.436628e-03|-7.731298e-03|2.169755e-02|-3.290287e-02|-1.487965e-02|1.245484e-02|
0.167000|0.174000|48200|50050|1.700000|0.100000|0.700000|0.100000|160|3|50|1000|0|9.858746e-04|2.095912e-04|-3.168326e-04|5.966110e-06|-1.068692e-04|1.214857e-04|-2.297400e-04|-3.978620e-04|4.552925e-04|5.393076e-05|1.082239e-04|
0.165000|0.172000|48050|50050|1.700000|0.100000|0.700000|0.100000|160|3|50|1000|10|6.744258e-04|-7.490950e-05|-4.265220e-05|4.629826e-05|-1.167443e-04|3.235414e-04|-3.326615e-04|1.840564e-06|-1.143027e-04|-1.711949e-04|4.571527e-05|
0.180000|0.185000|48350|50050|1.700000|0.100000|0.700000|0.100000|160|3|50|1000|100|6.404298e-04|-3.016353e-04|5.628143e-05|-5.325481e-05|2.739906e-04|5.553568e-05|5.369844e-05|-1.505196e-04|7.375471e-07|8.733705e-05|-2.166709e-04|
0.269000|0.275000|48300|50050|1.700000|0.100000|0.900000|0.100000|160|3|50|1000|0|1.415907e-03|7.046159e-05|-9.041791e-05|-2.263477e-04|-2.187325e-04|-5.144148e-05|1.924603e-04|-3.036739e-04|2.584091e-04|-9.640948e-04|3.074794e-05|
0.165000|0.171000|48150|50050|1.700000|0.100000|0.900000|0.100000|160|3|50|1000|10|2.383203e-03|-4.825561e-04|-7.053456e-04|-4.331404e-04|-1.225745e-03|4.472041e-04|3.370099e-04|4.251226e-04|-2.062345e-04|-7.069291e-04|1.937783e-04|
0.130000|0.167000|40300|50050|1.700000|0.100000|0.900000|0.100000|160|3|50|1000|100|3.004129e-03|1.466744e-03|6.368865e-04|3.413611e-04|3.894924e-04|-1.202273e-03|-3.508127e-04|1.000399e-03|2.953996e-04|2.202811e-04|-1.132274e-05|
0.197000|0.202000|48250|50050|1.700000|0.100000|0.100000|0.200000|160|3|50|1000|0|3.665291e-03|-1.567947e-03|-1.096680e-03|-1.209072e-03|3.216576e-05|4.312213e-04|1.245719e-03|6.694322e-04|-5.716746e-04|4.752093e-04|-5.788319e-04|
0.157000|0.163000|48000|50050|1.700000|0.100000|0.100000|0.200000|160|3|50|1000|10|3.467630e-03|-4.890530e-04|-1.932965e-03|-1.056102e-04|3.056910e-04|1.015863e-03|8.092226e-04|1.156485e-03|-1.739500e-04|1.758179e-04|-4.255314e-04|
0.131000|0.165000|40150|50050|1.700000|0.100000|0.100000|0.200000|160|3|50|1000|100|5.272181e-03|3.592534e-04|-1.613298e-03|3.782400e-04|-2.434741e-03|1.299251e-03|-3.053813e-04|-1.813018e-04|1.790232e-03|-1.266288e-03|-1.167389e-03|
0.148000|0.180000|40100|50050|1.700000|0.100000|0.100000|0.050000|160|3|50|1000|0|1.124666e-04|1.817778e-05|4.706341e-05|-1.841849e-05|-6.983410e-06|-9.827002e-06|6.560200e-06|-5.406529e-05|1.991635e-05|3.813884e-05|7.228193e-06|
0.165000|0.170000|48300|50050|1.700000|0.100000|0.100000|0.050000|160|3|50|1000|10|8.044376e-05|-3.457064e-08|5.887996e-06|-4.735639e-06|5.163598e-06|-3.608221e-05|-3.485479e-06|-4.238790e-05|-1.155503e-05|2.068967e-05|1.691701e-05|
0.165000|0.171000|48350|50050|1.700000|0.100000|0.100000|0.050000|160|3|50|1000|100|8.495823e-05|4.339053e-05|-3.117624e-05|7.591238e-06|-2.430282e-05|-2.842248e-06|1.762988e-05|9.892519e-06|2.365480e-05|5.412118e-06|3.070159e-07|
0.096000|0.194000|23950|50050|1.700000|0.100000|0.100000|0.300000|160|3|50|1000|0|5.511605e-02|1.524277e-02|-1.840446e-02|-1.059130e-02|4.881851e-03|1.007243e-02|8.261619e-03|-7.201138e-03|-1.941607e-02|6.514375e-03|8.224081e-03|
0.112000|0.172000|31900|50050|1.700000|0.100000|0.100000|0.300000|160|3|50|1000|10|4.618717e-02|-1.312550e-02|-1.051348e-02|8.647151e-03|6.438639e-03|1.421894e-02|-1.225044e-03|-9.353076e-03|1.801359e-02|3.319172e-03|2.984364e-03|
0.150000|0.180000|40250|50050|1.700000|0.100000|0.100000|0.300000|160|3|50|1000|100|2.435937e-02|9.674185e-03|-4.684926e-03|2.023431e-03|8.065327e-03|2.146673e-03|-4.563372e-04|-9.560322e-04|6.229215e-03|-9.559066e-03|-3.378982e-04|
0.138000|0.169000|40300|50050|1.700000|0.100000|0.100000|0.010000|160|3|50|1000|0|2.383916e-05|6.289642e-06|-3.618268e-06|7.246238e-07|9.993166e-06|-7.275342e-06|1.289586e-06|-9.690818e-06|-2.029890e-06|7.012499e-06|5.418760e-07|
0.140000|0.171000|40300|50050|1.700000|0.100000|0.100000|0.010000|160|3|50|1000|10|1.771598e-05|7.858222e-06|1.299158e-06|-7.367171e-07|-8.086937e-06|1.856150e-06|4.873688e-07|2.024894e-06|2.842309e-06|-7.130564e-06|2.221810e-07|
0.162000|0.168000|48350|50050|1.700000|0.100000|0.100000|0.010000|160|3|50|1000|100|2.625383e-05|6.289162e-06|5.816368e-07|9.280816e-07|-1.214921e-05|-1.387062e-05|4.392280e-06|1.840930e-06|2.343529e-06|4.185164e-06|-2.067563e-06|
0.176000|0.182000|48250|50050|1.700000|0.100000|0.100000|0.250000|160|3|50|1000|0|1.602987e-02|3.980953e-03|-1.023899e-02|-4.928454e-05|-3.935629e-05|1.216091e-05|-9.482613e-04|2.738819e-03|-3.008454e-03|-2.704863e-03|1.886509e-05|
0.116000|0.173000|32250|50050|1.700000|0.100000|0.100000|0.250000|160|3|50|1000|10|1.376598e-02|3.555003e-03|6.045070e-04|-1.707594e-03|5.979762e-04|-6.802133e-03|-3.558399e-04|6.074237e-04|-2.475170e-03|-5.344624e-03|-3.310096e-03|
0.028000|0.171000|8000|50050|1.700000|0.100000|0.100000|0.250000|160|3|50|1000|100|1.805645e-02|-8.907454e-03|-1.224734e-03|-3.128992e-03|3.709612e-03|5.148893e-03|-1.704600e-03|-2.153286e-03|-6.420405e-03|1.484185e-03|7.530928e-04|
0.198000|0.204000|48350|50050|1.700000|0.100000|0.100000|0.000000|160|3|50|1000|0|8.447827e-06|-1.032908e-06|9.473216e-09|-2.294126e-07|1.201461e-06|-2.158358e-07|-5.776457e-06|1.057534e-06|1.573343e-06|2.240207e-06|1.078028e-07|
0.193000|0.199000|48350|50050|1.700000|0.100000|0.100000|0.000000|160|3|50|1000|10|1.001349e-05|-3.317789e-06|2.447905e-06|-7.111321e-07|8.978604e-07|-1.441212e-06|-2.447907e-06|3.799351e-06|1.104802e-06|-1.596271e-06|-4.252017e-06|
0.177000|0.183000|48000|50050|1.700000|0.100000|0.100000|0.000000|160|3|50|1000|100|6.134227e-06|7.218321e-07|2.022977e-06|-8.931827e-07|-3.297963e-06|-3.517693e-08|-6.844214e-07|-1.317118e-06|-6.697196e-07|2.072406e-06|5.304114e-07|
0.144000|0.183000|39450|50050|1.700000|0.100000|0.100000|0.100000|60|3|50|1000|0|4.434842e-01|-5.917454e-02|-7.513094e-02|4.647836e-02|-7.623623e-03|3.247432e-02|9.266869e-02|-4.110447e-02|-1.029183e-01|-7.210966e-02|1.679690e-02|
0.138000|0.183000|36450|50050|1.700000|0.100000|0.100000|0.100000|60|3|50|1000|10|5.391056e-01|3.598697e-02|1.580492e-02|9.308553e-02|-1.436056e-01|-4.304533e-02|-7.385577e-02|-2.500345e-02|2.273318e-02|-3.170635e-02|1.069992e-01|
0.150000|0.222000|30450|50050|1.700000|0.100000|0.100000|0.100000|60|3|50|1000|100|4.247154e-01|-7.837180e-02|6.843994e-02|-1.065339e-01|-6.616779e-02|5.245004e-02|-2.155580e-02|5.459977e-02|2.446777e-02|-1.930191e-02|-5.192655e-02|
0.169000|0.186000|45300|50050|1.700000|0.100000|0.100000|0.100000|100|3|50|1000|0|1.144564e-02|4.177005e-03|1.955659e-03|2.077960e-03|-2.929083e-03|4.012756e-04|3.024137e-03|-2.880070e-03|4.760270e-03|-5.582838e-04|-1.197287e-03|
0.174000|0.191000|45400|50050|1.700000|0.100000|0.100000|0.100000|100|3|50|1000|10|1.902228e-02|-1.181508e-03|-3.585688e-03|-5.224704e-03|-4.651315e-03|-5.472226e-03|-3.600806e-03|5.528122e-04|-6.382237e-03|6.968336e-03|2.384671e-03|
0.168000|0.202000|40450|50050|1.700000|0.100000|0.100000|0.100000|100|3|50|1000|100|1.461194e-02|3.322887e-03|5.559965e-03|2.772814e-03|1.871251e-03|6.559222e-03|1.019587e-03|2.496125e-03|3.933719e-03|-1.712545e-03|-9.989606e-05|
0.168000|0.184000|45300|50050|1.700000|0.100000|0.100000|0.100000|130|3|50|1000|0|1.979201e-03|-7.825375e-04|8.736525e-05|6.304227e-04|3.495794e-04|8.347861e-04|-2.497709e-04|4.991658e-04|2.728639e-04|-1.052767e-04|4.277197e-04|
0.177000|0.195000|45650|50050|1.700000|0.100000|0.100000|0.100000|130|3|50|1000|10|1.510548e-03|-5.954242e-05|3.412685e-04|1.819239e-04|-3.567657e-05|-4.137648e-05|4.078038e-05|2.561328e-04|-4.133720e-05|7.723793e-04|-7.683089e-04|
0.159000|0.200000|39250|50050|1.700000|0.100000|0.100000|0.100000|130|3|50|1000|100|1.433860e-03|-9.381418e-05|-2.033617e-04|8.431739e-05|6.170880e-04|1.090823e-04|4.083793e-04|-2.279779e-04|-1.400822e-04|3.060286e-04|-7.006168e-04|
0.149000|0.202000|36500|50050|1.700000|0.100000|0.100000|0.100000|80|3|50|1000|0|9.110431e-02|1.806997e-02|-6.454513e-04|8.059714e-03|-5.327809e-03|-2.542664e-02|1.654472e-03|-3.754776e-02|-7.067680e-03|1.622183e-02|2.382196e-02|
0.147000|0.195000|36450|50050|1.700000|0.100000|0.100000|0.100000|80|3|50|1000|10|7.926856e-02|3.058307e-02|-8.017402e-03|-1.039359e-03|-1.256547e-02|1.072338e-02|5.587165e-03|5.667794e-04|-2.093906e-02|2.786002e-02|1.167882e-02|
0.295000|0.301000|48400|50050|1.700000|0.100000|0.100000|0.100000|80|3|50|1000|100|8.617798e-02|5.205467e-03|6.631939e-03|5.266351e-03|-7.135574e-03|-3.000293e-02|1.176248e-02|-2.160455e-04|-6.983186e-03|-3.467899e-02|2.491305e-02|
0.170000|0.188000|45100|50050|1.700000|0.100000|0.100000|0.100000|40|3|50|1000|0|2.126306e+00|-4.933618e-03|-4.957727e-01|-1.140104e-01|-1.360718e-01|3.376478e-02|2.913383e-01|-3.475678e-01|-7.586580e-02|-3.808501e-03|-1.683089e-01|
0.117000|0.226000|20550|50050|1.700000|0.100000|0.100000|0.100000|40|3|50|1000|10|1.979729e+00|-9.214265e-02|1.452054e-02|2.621876e-01|4.806990e-01|9.760211e-02|-8.134498e-02|3.139774e-01|-1.023737e-01|6.939762e-02|-1.154626e-01|
0.322000|0.369000|36950|50050|1.700000|0.100000|0.100000|0.100000|40|3|50|1000|100|2.144110e+00|-5.491569e-01|-3.907684e-02|-1.195924e-01|-1.258976e-01|2.908732e-02|1.585237e-01|1.162174e-01|1.334983e-02|6.951606e-01|2.176912e-02|
0.175000|0.195000|46550|50050|1.700000|0.100000|0.100000|0.100000|30|3|50|1000|0|3.219051e+00|-3.381626e-01|-2.606224e-01|6.001443e-02|-4.562417e-01|-1.087825e-01|4.311576e-01|1.091833e-01|-4.181474e-02|-5.615196e-01|8.843978e-01|
0.067000|0.183000|17100|50050|1.700000|0.100000|0.100000|0.100000|30|3|50|1000|10|2.810586e+00|2.559756e-02|4.404416e-01|-4.961979e-01|-4.197359e-02|4.767155e-02|2.604948e-01|3.434854e-01|-1.086707e-01|-1.331025e-01|5.079144e-01|
0.140000|0.180000|38800|50050|1.700000|0.100000|0.100000|0.100000|30|3|50|1000|100|2.841301e+00|2.733541e-01|2.229303e-02|3.392600e-01|-2.275887e-01|-7.441556e-01|-4.185305e-01|-7.964896e-02|-1.574891e-01|3.050862e-01|8.259666e-02|
0.152000|0.189000|39800|50050|1.700000|0.100000|0.100000|0.100000|160|5|50|1000|0|2.272039e-04|1.014746e-04|6.087891e-05|-3.939670e-05|1.190107e-05|7.085715e-06|3.258341e-05|-1.793152e-05|5.937146e-05|9.893508e-05|-4.208541e-05|
0.147000|0.182000|40300|50050|1.700000|0.100000|0.100000|0.100000|160|5|50|1000|10|9.867764e-05|2.481344e-05|-2.650453e-05|-8.727647e-06|-1.403033e-06|3.381968e-05|2.300686e-05|-3.849518e-05|-1.882017e-05|4.896504e-06|3.394593e-05|
0.117000|0.179000|31850|50050|1.700000|0.100000|0.100000|0.100000|160|5|50|1000|100|1.541517e-04|3.710204e-05|1.737294e-05|3.756346e-05|-2.234514e-05|-4.214454e-05|7.957862e-05|-4.811622e-06|-1.711445e-05|3.869342e-05|-3.640925e-05|
0.180000|0.187000|48100|50050|1.700000|0.100000|0.100000|0.100000|160|2|50|1000|0|4.661646e-04|-2.320308e-04|6.122595e-06|-1.033267e-04|1.593354e-04|2.054048e-05|-1.250261e-04|2.914044e-05|-1.490721e-04|-7.478744e-05|2.720896e-05|
0.138000|0.169000|40300|50050|1.700000|0.100000|0.100000|0.100000|160|2|50|1000|10|5.228736e-04|-1.244801e-04|-1.140488e-04|-1.319863e-04|-1.976317e-05|-2.474962e-04|5.697158e-05|9.757282e-05|-1.054078e-04|1.921695e-04|4.366800e-05|
0.117000|0.182000|32250|50050|1.700000|0.100000|0.100000|0.100000|160|2|50|1000|100|4.470563e-04|8.308827e-05|-8.194723e-05|-9.794670e-06|1.993342e-04|7.307928e-05|-1.793898e-04|2.017034e-05|-8.780333e-05|-1.273978e-04|9.604633e-05|
0.176000|0.207000|40200|50050|1.700000|0.100000|0.100000|0.100000|160|10|50|1000|0|5.939426e-05|-2.422900e-06|2.619913e-05|3.838237e-06|-8.531067e-07|-2.151760e-05|-6.565536e-06|-1.684499e-05|-1.748728e-05|-2.001048e-05|3.344650e-07|
0.165000|0.172000|48250|50050|1.700000|0.100000|0.100000|0.100000|160|10|50|1000|10|7.572016e-05|2.492850e-05|1.729252e-06|1.587124e-05|2.432221e-05|-1.466078e-05|2.442459e-05|-3.098261e-05|-1.142381e-05|8.629948e-06|1.172058e-05|
0.128000|0.190000|32250|50050|1.700000|0.100000|0.100000|0.100000|160|10|50|1000|100|1.231884e-04|1.663944e-05|-1.864654e-05|-1.869872e-05|-6.330250e-05|-1.538156e-05|-4.256515e-05|1.507879e-06|4.397153e-05|-7.539714e-06|-2.131755e-05|
0.173000|0.180000|47700|50050|1.700000|0.100000|0.100000|0.100000|160|1|50|1000|0|7.903760e-04|1.925882e-05|-3.993789e-04|1.486571e-04|2.637972e-05|3.446737e-04|-7.959507e-05|1.215919e-04|2.392235e-04|-9.192186e-05|-1.123691e-05|
0.175000|0.181000|48300|50050|1.700000|0.100000|0.100000|0.100000|160|1|50|1000|10|3.867822e-04|1.063546e-04|-1.138770e-04|-5.699251e-05|-1.183868e-04|1.375741e-04|-1.312446e-04|1.399198e-05|7.962526e-05|4.755459e-05|-8.226982e-05|
0.148000|0.182000|40250|50050|1.700000|0.100000|0.100000|0.100000|160|1|50|1000|100|1.016310e-03|2.697820e-04|3.469305e-04|-2.189693e-04|2.162476e-04|8.333366e-05|-2.653464e-04|-3.114545e-04|3.668773e-04|-2.098341e-04|-1.955027e-05|
0.082000|0.170000|24000|50050|1.700000|0.100000|0.100000|0.100000|160|20|50|1000|0|7.030944e-05|2.670034e-06|9.548092e-06|-3.683692e-05|-5.049746e-06|6.085145e-06|-6.825373e-07|-2.196057e-05|1.935254e-05|2.573345e-05|7.137521e-06|
0.157000|0.163000|48200|50050|1.700000|0.100000|0.100000|0.100000|160|20|50|1000|10|2.277533e-05|6.921817e-06|5.533791e-06|1.070985e-05|1.300223e-06|6.771210e-06|-1.424287e-06|6.606961e-07|-3.503534e-06|-3.638073e-06|7.442963e-06|
0.162000|0.168000|48300|50050|1.700000|0.100000|0.100000|0.100000|160|20|50|1000|100|4.273730e-05|8.982633e-06|-2.539599e-06|1.448943e-05|-5.010977e-06|-1.114662e-05|4.876051e-06|-1.254003e-05|8.428709e-06|-1.305985e-05|1.649710e-05|
0.153000|0.158000|48350|50050|1.700000|0.100000|0.100000|0.100000|160|0|50|1000|0|8.447827e-06|-1.032908e-06|9.473216e-09|-2.294126e-07|1.201461e-06|-2.158358e-07|-5.776457e-06|1.057534e-06|1.573343e-06|2.240207e-06|1.078028e-07|
1.985000|1.990000|48350|50050|1.700000|0.100000|0.100000|0.100000|160|0|50|1000|10|1.001349e-05|-3.317789e-06|2.447905e-06|-7.111321e-07|8.978604e-07|-1.441212e-06|-2.447907e-06|3.799351e-06|1.104802e-06|-1.596271e-06|-4.252017e-06|
1.685000|1.700000|48000|50050|1.700000|0.100000|0.100000|0.100000|160|0|50|1000|100|6.134227e-06|7.218321e-07|2.022977e-06|-8.931827e-07|-3.297963e-06|-3.517693e-08|-6.844214e-07|-1.317118e-06|-6.697196e-07|2.072406e-06|5.304114e-07|
0.182000|0.320000|39750|50050|1.700000|0.100000|0.100000|0.100000|160|30|50|1000|0|5.708079e-05|4.280797e-06|2.348484e-05|6.228987e-06|2.635645e-06|1.844605e-05|-3.997288e-07|-3.068093e-05|6.764881e-06|2.541026e-06|-9.276081e-06|
0.217000|0.228000|48350|50050|1.700000|0.100000|0.100000|0.100000|160|30|50|1000|10|3.214404e-05|1.449866e-05|-1.831645e-06|-6.376132e-07|7.468002e-08|5.509175e-06|2.493201e-06|1.145348e-05|1.134613e-05|1.145649e-05|1.980698e-06|
0.244000|0.287000|40000|50050|1.700000|0.100000|0.100000|0.100000|160|30|50|1000|100|4.446774e-05|3.145348e-07|1.237549e-05|-1.886822e-06|1.474111e-06|-6.366568e-06|-1.587620e-05|5.173151e-06|1.460040e-06|1.304911e-05|2.418166e-05|
0.301000|0.347000|39750|50050|1.700000|0.100000|0.100000|0.100000|160|40|50|1000|0|5.708079e-05|4.280797e-06|2.348484e-05|6.228987e-06|2.635645e-06|1.844605e-05|-3.997288e-07|-3.068093e-05|6.764881e-06|2.541026e-06|-9.276081e-06|
0.195000|0.203000|48350|50050|1.700000|0.100000|0.100000|0.100000|160|40|50|1000|10|3.214404e-05|1.449866e-05|-1.831645e-06|-6.376132e-07|7.468002e-08|5.509175e-06|2.493201e-06|1.145348e-05|1.134613e-05|1.145649e-05|1.980698e-06|
0.164000|0.201000|40000|50050|1.700000|0.100000|0.100000|0.100000|160|40|50|1000|100|4.446774e-05|3.145348e-07|1.237549e-05|-1.886822e-06|1.474111e-06|-6.366568e-06|-1.587620e-05|5.173151e-06|1.460040e-06|1.304911e-05|2.418166e-05|
0.148000|0.193000|39750|50050|1.700000|0.100000|0.100000|0.100000|160|50|50|1000|0|5.708079e-05|4.280797e-06|2.348484e-05|6.228987e-06|2.635645e-06|1.844605e-05|-3.997288e-07|-3.068093e-05|6.764881e-06|2.541026e-06|-9.276081e-06|
0.175000|0.181000|48350|50050|1.700000|0.100000|0.100000|0.100000|160|50|50|1000|10|3.214404e-05|1.449866e-05|-1.831645e-06|-6.376132e-07|7.468002e-08|5.509175e-06|2.493201e-06|1.145348e-05|1.134613e-05|1.145649e-05|1.980698e-06|
0.149000|0.180000|40000|50050|1.700000|0.100000|0.100000|0.100000|160|50|50|1000|100|4.446774e-05|3.145348e-07|1.237549e-05|-1.886822e-06|1.474111e-06|-6.366568e-06|-1.587620e-05|5.173151e-06|1.460040e-06|1.304911e-05|2.418166e-05|
0.214000|0.224000|77360|80080|1.700000|0.100000|0.100000|0.100000|160|3|80|1000|0|2.228782e-04|3.912890e-05|-2.543586e-05|-1.341466e-04|-3.349538e-05|3.176524e-05|-4.613041e-05|-5.126266e-05|6.141224e-05|5.072825e-06|-1.197061e-05|
0.311000|0.360000|63440|80080|1.700000|0.100000|0.100000|0.100000|160|3|80|1000|10|1.647369e-04|6.857186e-05|1.708678e-06|-1.083584e-06|4.340054e-05|-4.829237e-05|-4.054828e-05|-3.162122e-05|3.641632e-05|-6.326188e-05|-6.970758e-06|
0.180000|0.222000|64400|80080|1.700000|0.100000|0.100000|0.100000|160|3|80|1000|100|1.531844e-04|-1.947731e-06|-2.090318e-05|9.217476e-05|2.225444e-05|-2.816077e-05|3.167037e-05|3.944055e-05|3.505104e-05|-2.253285e-05|-1.144109e-05|
0.039000|0.113000|9690|30030|1.700000|0.100000|0.100000|0.100000|160|3|30|1000|0|4.188756e-04|3.983000e-05|7.025980e-05|-2.272542e-04|-1.512892e-04|2.469582e-05|-1.183751e-04|-4.642067e-05|-6.155340e-05|1.817383e-05|-8.604325e-05|
0.103000|0.107000|29010|30030|1.700000|0.100000|0.100000|0.100000|160|3|30|1000|10|4.950147e-04|2.152396e-05|5.874883e-05|1.255376e-04|-7.245840e-05|-1.844624e-04|-4.295620e-05|2.118311e-04|-4.078233e-05|1.740116e-04|-1.226185e-04|
0.107000|0.114000|28890|30030|1.700000|0.100000|0.100000|0.100000|160|3|30|1000|100|5.552320e-04|1.380574e-04|2.010123e-05|9.474194e-06|-1.575919e-04|-1.213168e-04|1.857254e-04|2.273173e-04|1.432124e-04|-1.615101e-04|9.937539e-06|
0.247000|0.351000|70950|110110|1.700000|0.100000|0.100000|0.100000|160|3|110|1000|0|2.045545e-04|3.165704e-05|1.977632e-05|3.653665e-05|8.553726e-05|-9.700187e-05|-7.212204e-05|-2.689451e-05|4.715726e-06|-1.230910e-05|-2.373182e-05|
0.230000|0.293000|88440|110110|1.700000|0.100000|0.100000|0.100000|160|3|110|1000|10|2.200668e-04|8.010492e-05|2.698161e-05|-5.399555e-06|1.480221e-05|-5.773414e-05|-1.048056e-04|3.648186e-05|7.493722e-05|-1.397841e-05|-3.703629e-05|
0.241000|0.299000|88660|110110|1.700000|0.100000|0.100000|0.100000|160|3|110|1000|100|2.528052e-04|1.164616e-04|-4.149857e-06|2.436901e-06|1.276215e-05|-1.140028e-04|-2.400183e-05|-7.972303e-05|-4.959125e-05|5.219662e-05|3.186482e-05|
0.079000|0.083000|19140|20020|1.700000|0.100000|0.100000|0.100000|160|3|20|1000|0|4.665342e-04|-5.545153e-05|-9.561615e-06|-7.566374e-05|-4.371337e-05|5.538142e-05|-7.151341e-05|9.778515e-05|-2.963243e-04|1.330069e-04|3.960662e-05|
0.069000|0.086000|16120|20020|1.700000|0.100000|0.100000|0.100000|160|3|20|1000|10|8.487518e-04|2.283074e-04|-6.854846e-05|5.899103e-05|2.106890e-04|6.038734e-05|3.823932e-04|-1.973742e-04|1.496069e-04|-2.965103e-04|2.094990e-04|
0.084000|0.089000|19240|20020|1.700000|0.100000|0.100000|0.100000|160|3|20|1000|100|6.417947e-04|-2.457623e-04|1.790193e-04|2.052110e-04|-5.050105e-05|-1.525201e-04|-1.897486e-05|-1.310444e-04|-1.101237e-04|-2.226825e-04|-1.293252e-04|
0.194000|0.576000|72450|150150|1.700000|0.100000|0.100000|0.100000|160|3|150|1000|0|1.742594e-04|-2.762883e-07|-2.602296e-05|6.481506e-05|3.119152e-05|-3.324493e-05|-8.216448e-05|-3.154115e-05|-3.900728e-05|1.888353e-05|4.875014e-05|
0.372000|0.384000|145050|150150|1.700000|0.100000|0.100000|0.100000|160|3|150|1000|10|1.274690e-04|-5.307037e-07|-2.627630e-05|2.882879e-05|-4.613386e-06|-2.483037e-05|4.917652e-05|9.249723e-06|1.680944e-05|-5.034102e-05|-5.163607e-05|
0.270000|0.406000|96750|150150|1.700000|0.100000|0.100000|0.100000|160|3|150|1000|100|2.667080e-04|2.016579e-05|8.994989e-05|-7.521836e-05|4.854813e-05|-3.960943e-05|5.386510e-05|1.752082e-05|5.543133e-05|9.041340e-05|-1.088234e-04|
0.056000|0.069000|8060|10010|1.700000|0.100000|0.100000|0.100000|160|3|10|1000|0|1.177915e-03|3.187458e-05|-2.197651e-04|6.530796e-04|3.359663e-05|-2.104133e-04|4.084500e-04|-3.062984e-04|2.633140e-04|6.799936e-05|-6.787242e-05|
0.089000|0.095000|9670|10010|1.700000|0.100000|0.100000|0.100000|160|3|10|1000|10|1.164604e+00|2.945972e-02|1.440168e-02|-1.153728e-03|-9.075459e-03|-2.038977e-02|5.018457e-05|2.196179e-03|-2.156319e-03|-8.640974e-01|-6.557916e-04|
0.070000|0.072000|9630|10010|1.700000|0.100000|0.100000|0.100000|160|3|10|1000|100|3.010377e-03|4.467715e-04|-1.457690e-04|1.058402e-03|4.569669e-05|-1.236341e-03|6.446498e-04|4.382686e-04|-1.315607e-03|9.526064e-05|-5.779234e-04|
0.595000|0.699000|160600|200200|1.700000|0.100000|0.100000|0.100000|160|3|200|1000|0|1.977484e-04|-3.697285e-06|-1.221912e-04|4.247552e-05|1.245027e-06|6.647075e-05|2.390198e-05|4.790247e-05|6.405910e-06|9.428863e-06|-1.561464e-05|
0.415000|0.562000|159000|200200|1.700000|0.100000|0.100000|0.100000|160|3|200|1000|10|2.175339e-04|-2.520632e-05|4.426640e-06|-2.834211e-05|1.197502e-04|-4.604168e-05|-5.429770e-05|-3.006641e-05|8.090515e-05|-2.294947e-05|-2.627066e-05|
0.356000|0.560000|127400|200200|1.700000|0.100000|0.100000|0.100000|160|3|200|1000|100|1.053756e-04|3.988514e-05|4.193919e-05|-2.261042e-05|-3.258706e-05|-1.506819e-05|-2.693596e-05|-3.373169e-06|-6.040847e-06|-1.314868e-05|-2.896417e-05|
0.701000|0.726000|289200|300300|1.700000|0.100000|0.100000|0.100000|160|3|300|1000|0|1.107957e-04|-3.360811e-06|1.787362e-06|8.917272e-06|-2.639686e-05|1.956359e-05|6.573730e-05|2.982617e-05|7.388735e-07|-2.973934e-05|-1.992874e-05|
0.762000|0.784000|290100|300300|1.700000|0.100000|0.100000|0.100000|160|3|300|1000|10|1.408156e-04|4.389062e-06|-2.259008e-05|8.510317e-05|-4.126838e-06|2.566461e-05|4.522091e-05|-1.395743e-05|1.016147e-05|-2.232727e-05|-3.304852e-05|
0.633000|0.774000|241800|300300|1.700000|0.100000|0.100000|0.100000|160|3|300|1000|100|1.110235e-04|9.289720e-06|9.299585e-06|-3.256724e-05|1.234745e-05|5.313758e-05|5.531547e-06|-1.468493e-05|-4.433644e-05|-3.275335e-05|-1.428208e-05|
0.079000|0.082000|24200|25050|1.700000|0.100000|0.100000|0.100000|160|3|50|500|0|5.980958e-04|8.389795e-05|-1.177377e-04|-1.172226e-04|-2.397287e-04|-1.756761e-04|-1.912002e-04|1.945258e-04|-1.184565e-04|-8.474542e-05|-6.405268e-05|
0.087000|0.089000|24200|25050|1.700000|0.100000|0.100000|0.100000|160|3|50|500|10|6.394020e-04|2.502334e-04|-4.485223e-05|6.974205e-05|-3.535078e-04|-1.445565e-04|7.275503e-05|-6.150637e-05|-1.109563e-04|1.140875e-04|6.840744e-05|
0.082000|0.084000|24150|25050|1.700000|0.100000|0.100000|0.100000|160|3|50|500|100|6.855717e-04|-7.981063e-06|-2.549864e-04|1.909491e-04|-1.795435e-04|-3.457465e-04|1.361741e-05|1.440512e-05|9.877991e-05|-1.101106e-04|-1.297215e-04|
0.240000|0.248000|72450|75050|1.700000|0.100000|0.100000|0.100000|160|3|50|1500|0|2.526552e-04|3.225966e-05|7.575785e-05|8.344275e-05|4.236031e-05|-7.886773e-05|6.045096e-05|-3.684206e-05|1.774349e-05|9.480298e-05|6.130618e-05|
0.368000|0.448000|48250|75050|1.700000|0.100000|0.100000|0.100000|160|3|50|1500|10|3.358872e-04|1.402705e-04|1.122607e-04|9.479267e-05|3.717647e-05|-5.499658e-05|1.023479e-04|-6.165322e-05|-9.096098e-05|4.619686e-05|-7.111667e-07|
0.183000|0.242000|56150|75050|1.700000|0.100000|0.100000|0.100000|160|3|50|1500|100|3.200475e-04|1.697866e-05|-7.524811e-05|9.272112e-07|-2.513880e-05|-7.817292e-05|9.620486e-05|-3.284015e-05|1.103085e-04|1.480438e-04|8.227879e-05|
